-8.176324259480452
-8.095510509640462
-6.42628857329106
-5.354809717654462
-4.775180063629932
-4.304230969735045
-4.059003039186223
-3.6939478243919552
-3.5309269841975492
-3.514206898023758
-3.4960934713354845
-3.4724066825893374
-3.4960934713354845
-4.552245581312832
-6.094673530844375
-7.276226287125098
-8.963561650162774
-9.415003976854905
-9.434510744057661
-10.511562961752247
-10.940711840212657
-10.894731603234789
-10.86825813345962
-10.857111409343759
-9.833006131199511
-8.147064108676318
-5.659951290325978
-3.8945888584773343
-3.0195710153826667
-2.276920521163788
-2.125046405085243
-2.0302992501004837
-2.04980601730324
-2.2783138616782708
-2.3270807796851614
-2.2253669221279324
-2.6196822877263344
-3.932209052368364
-5.353416377139979
-6.2354009228070595
-6.763476977795733
-7.081158615097593
-7.398840252399509
-7.811269044686185
-8.034203527003285
-8.1805042810239
-7.918556264301287
-7.777828872338603
-7.571614476195293
-7.014278270402485
-5.025981356236684
-2.8983503906227384
-1.4562429581338847
-0.6676122269371376
-0.2064165166435714
0.7396616926896513
0.8190821020151589
0.7187615849724693
0.6086876843284017
0.4219800553877917
-0.578438434010252
-2.3535542494602737
-4.176043642402703
-5.285142691930332
-5.828545492578314
-5.984599630200307
-5.7324049970790725
-4.758459977456198
-4.439384999639799
-4.220630538866146
-3.9001622205352646
-3.7106679105657463
-3.4891267687630716
-2.647549098015986
-1.2974021394829833
0.22412570233137785
0.7828552486386116
1.029476519701916
1.433545268901696
1.5296857644009378
1.27052442870729
1.324864708772111
0.9319426836881917
0.4136200123008962
-0.3680440163234948
-1.8672784099060777
-3.5908406263203005
-4.9981145459470895
-5.802072022803145
-5.935832712193417
-5.6571646092970695
-5.105401765562192
-4.613552563950066
-3.9377824144262945
-3.294059096735623
-3.0446511446433533
-2.871876920847569
-2.4636281501043413
-1.5245166433435315
-0.7038390803136281
-0.2440367105346013
0.030451370818354917
0.4721403139091649
0.37878649943883147
0.23248574541821654
0.024878008760424564
-0.19805647355667588
-0.486477960054458
-1.013160674528649
-2.4190412536409553
-3.8360685568691224
-4.7431332317968895
-5.073354933729092
-5.129088554308396
-4.758459977456198
-6.220074177147751
-5.522010579392315
-5.287929372959297
-4.92844752022296
-5.021801334693237
-5.00926127006295
-3.926635690310434
-2.4859215983360627
-1.4729630443076758
-0.7094124423715584
-0.6049119037854211
-0.3917308050696988
-0.5185247918875575
-0.7679327439798271
-0.5254914944599705
-0.9072667954280291
-1.0925810838540997
-1.2458485404471276
-2.0651327629625484
-3.3358593121701006
-3.9809759703752547
-4.490938598675655
-4.3488178661984875
-4.733379848195511
-4.6344526716673045
-4.467251809929451
-4.872713899643713
-4.555032262341797
-4.3557845687709005
-4.373897995459174
-3.8360685568691224
-2.597388839494613
-2.1292264266286907
-1.8979319012246947
-2.125046405085243
-2.0484126767887574
-2.4873149388505453
-2.5890287964077174
-2.5987821800090956
-2.1668466205197205
-2.0720994655349614
-2.7785231063772926
-3.2926657562211403
-4.6957596543044815
-5.839692216694175
-6.658976439209596
-7.152218981336205
-7.166152386481031
-6.884697602555661
-6.700776654644017
-6.821997279403945
-6.837324025063253
-6.941824563649391
-6.982231438569386
-6.621356245318566
-4.666499503500347
-2.6740225677911553
-1.6401639060455295
-1.4673896822497454
-1.5356633674593922
-1.5663168587779523
-1.6401639060455295
-1.7767112764647663
-1.5273033243724967
-1.6262305009007036
-1.9021119227681424
-2.7172161237400587
-4.644206055268626
-5.813218746919006
-6.199174069430512
-6.020826483576855
-5.994353013801685
-5.471850320870942
-5.926079328592039
-6.60184947811581
-6.587916072970984
-6.982231438569386
-7.552107708992537
-6.735610167506081
-4.3488178661984875
-3.1352182780846647
-2.7422962530007453
-2.2797072021927534
-1.9940723967239364
-3.355366079372857
-3.0544045282447314
-2.784096468435223
-3.018177674868184
-3.161691747859834
-3.2243920710115503
-3.5810872427189224
-4.687399611217586
-5.753305104796311
-5.8480522597810705
-5.818792108976936
-6.1671272375974695
-7.755535424106881
-7.691441760440739
-7.306879778443715
-7.547927687449089
-7.430887084232609
-7.2887663517554415
-6.6297162884054615
-5.413330019262673
-4.141210129540639
-3.6549342899864428
-3.2508655407866627
-2.8537634941592955
-2.4998550034808886
-2.2351203057293105
-2.2546270729320668
-2.5165750896546797
-2.77712976586281
-3.0195710153826667
-4.088263189990357
-5.58192422151501
-7.01149158937352
-8.680713525722922
-9.617038351454823
-9.433117403543179
-9.467950916405243
-9.601711605795515
-8.946841563988983
-8.201404388741139
-8.269678073950729
-8.463352405463752
-7.598087945970406
-5.527583941450246
-3.799841703492575
-2.998670907665428
-2.4315813182712986
-2.151519874860412
-2.526328473256058
-2.661482503160812
-2.5987821800090956
-2.2629871160189623
-2.4692015121622717
-2.9053170931951513
-3.895982198991817
-5.36456310125584
-6.313427991618028
-7.082551955612075
-7.446213829891917
-7.709555187128956
-8.219517815429356
-7.974289884880534
-7.552107708992537
-7.336139929247793
-7.454573872978756
-7.637101480375918
-7.051898464293515
-5.418903381320604
-3.5601871350016836
-2.781309787406258
-2.1835667066935116
-1.9508788407749762
-2.191926749780407
-2.2379069867582757
-2.5096083870822667
-2.4692015121622717
-2.604355542067026
-2.9443306276006638
-3.950322479056638
-5.400789954632387
-6.643649693550287
-7.8906894540116355
-8.849307727975258
-8.640306650802927
-9.299356714152907
-8.85348774951865
-8.494005896782312
-8.500972599354725
-8.495399237296795
-8.368605250478936
-7.185659153683787
-4.973034416686403
-3.301025799308036
-2.4705948526767543
-1.6276238414151862
-1.3043688420553963
-1.917438668427451
-1.7739245954358012
-1.9160453279129683
-2.148733193831447
-2.2351203057293105
-2.715822783225576
-3.705094548507816
-5.080321636301505
-6.516855706732429
-7.259506200951307
-7.8906894540116355
-8.183290962052865
-10.02807380322696
-9.728505592613374
-9.533437920585868
-9.281243287464633
-9.015115249198573
-8.829800960772502
-7.579974519282132
-5.456523575211634
-3.388806251720382
-2.6322223523566777
-2.257413753961032
-2.16127325846179
-2.4078945295250946
-2.4733815337057194
-2.01218582341221
-1.8310515565295304
-1.9466988192315853
-2.264380456533445
-3.236932135641837
-4.775180063629932
-6.080740125699549
-7.373760123138823
-8.307298267841759
-8.457779043405822
-8.096903850154945
-7.970109863337086
-8.608259818969827
-8.527446069129894
-8.42433887105824
-8.117803957872184
-6.821997279403945
-4.492331939190137
-2.5820620938353613
-2.0957862542811085
-1.584430285466226
-1.4283761478442898
-1.5746769018648479
-1.7349110610302887
-1.9007185822536599
-1.6596706732482858
-1.910471965855038
-2.4385480208437116
-3.058584549788179
-4.293084245619184
-4.871320559129231
-5.647411225695691
-6.597669456572362
-7.04911178326455
-7.001738205772142
-6.621356245318566
-6.505708982616568
-6.633896309948909
-6.335721439849749
-6.731430145962634
-6.364981590653883
-4.658139460413452
-3.0167843343537015
-2.332654141743035
-2.2086468359541414
-2.1501265343459295
-1.9048986037971076
-1.8575250263046996
-1.707044250740637
-1.8686717504205603
-1.9773523105501454
-2.413467891583025
-2.66566252470426
-4.534132154624558
-6.445795340493817
-7.705375165585508
-7.677508355295913
-8.545559495818168
-6.643649693550287
-6.0277931861492675
-5.3854632089730785
-5.143021959453222
-5.6306911395219
-6.292527883900846
-5.342269653024118
-3.6019873504361613
-2.113899680969382
-1.407476040127051
-1.1803615362665028
-0.8793999851383774
-0.7860461706681008
-1.0145540150431316
-0.7066257613425933
-0.5296715160034182
-0.7721127655232749
-0.670398907966046
-1.8603117073336648
-3.178411834033625
-4.651172757841039
-6.050086634380932
-6.332934758820784
-6.438828637921404
-4.346031185169522
-4.973034416686403
-4.825340322151305
-4.982787800287781
-4.893614007360895
-5.143021959453222
-4.341851163626075
-1.818511491899244
-0.4474644256489455
0.34952634863475396
0.526480593973929
0.7354816711462604
1.0921768428536325
1.216184148642526
1.6453330271029358
1.036443222274329
0.8009686753268852
0.3620664132650404
-0.31370373625867387
-1.20404832501265
-2.451088085474055
-3.8667220481877393
-3.8249218327532617
-4.038102931468984
-2.8774502829054995
-2.8704835803330866
-2.743689593515228
-2.67123588676219
-2.6099289041249563
-2.729756188370402
-2.3201140771127484
-0.7846528301536182
0.15445867660724844
0.3341996029754455
1.6704131563636224
1.6982799666532742
0.9096492354564703
0.8246554640730892
1.4363319499306613
1.7247534364284434
1.0879968213101847
0.5780341930097848
0.2840393444540723
-0.8793999851383774
-1.6122970957558778
-2.3507675684313085
-3.089238041106796
-3.932209052368364
-3.174231812490177
-3.253652221815628
-3.1129248298529433
-3.388806251720382
-3.9377824144262945
-4.134243426968226
-2.9889175240640498
-1.3210889282291305
-0.9936539073258928
-0.5575383262930131
-0.01413552564508791
0.25756587467890313
0.02905803030387233
0.8358021881889499
0.7257282875448823
0.635161154103514
0.7117948824000564
0.10847843962932302
-0.3555039516931515
-1.2235550922154061
-2.3842077407788906
-2.949903989658594
-3.5337136652265144
-3.6758343977036816
-3.2104586658667245
-3.8026283845215403
-3.8430352594415353
-3.1700517909467294
-3.221605389982585
-3.3734795060610736
-2.987524183549567
-2.0818528491362827
-1.4297694883587724
-0.6272053520171426
-0.23707000796218836
-0.8724332825659644
-1.9801389915791106
-1.5802502639227782
-1.3419890359463693
-1.0229140581300271
-1.3280556308015434
-1.577463582893813
-1.9160453279129683
-2.508215046567784
-3.2341454546128716
-4.05203633661381
-5.299076097075158
-4.901974050447791
-5.204328942090399
-5.28932271347378
-4.956314330512612
-5.261455903184185
-5.051061485497371
-5.26424258421315
-5.076141614758058
-2.961050713774455
-2.01218582341221
-1.893751879681247
-1.9926790562094538
-2.47895489576365
-0.5658983693799087
-0.2523967536214968
-0.1715830037815067
-0.8445664722763127
-0.6954790372267325
-1.02988076070244
-2.0372659526728967
-3.5406803677989274
-4.1857970260040815
-4.738953210253442
-5.437016808008877
-5.995746354316168
-8.016090100315012
-7.7443886999910205
-7.832169152403367
-8.599899775882932
-7.879542729895775
-7.416953679087783
-5.58192422151501
-2.8258966838697006
-1.0284874201879575
-0.30534369317177834
0.12380518528863149
0.33698628400441066
0.8162954209861937
0.7563817788634424
0.821868783044124
0.991856325810943
0.7117948824000564
0.5292672750028942
0.2868260254830375
-0.7804728086101704
-2.1668466205197205
-3.065551252360592
-3.4138863809810687
-3.3804462086334865
-3.0446511446433533
-2.8356500674710787
-2.7548363176310886
-2.9930975456074975
-3.225785411526033
-3.4612599584734767
-2.4803482362781324
-0.5756517529812868
0.6560612618207529
1.2621643856203946
1.6968866261387916
2.826885783383659
2.9578597917449656
2.6959117750223527
3.017773433867717
1.8125338888407896
2.0884153107082284
1.5659126177774851
1.1409437608604662
0.3341996029754455
-0.8041595973563176
-1.6457372681034599
-2.0149725044411753
-2.5305084947995056
-2.0929995732521434
-2.26716713756241
-2.430187977756816
-2.736722890942815
-3.154725045287421
-3.0711246144185225
-1.8254781944716
0.048564797506628565
1.0350498817598464
1.579846022922311
2.089808651222711
2.293236366337055
2.0159616039551906
2.503630784023869
2.7446786930292433
2.9759732184332393
2.387983521321871
2.32806987919912
1.9323611730862353
1.0879968213101847
0.18789884895483056
-0.6160586279012819
-0.571471731437839
-0.9852938642389972
-0.160436279665646
-0.3555039516931515
-0.44328440410549774
-0.5575383262930131
-0.8362064291894171
-0.8292397266170042
-0.24543005104908389
0.6463078782193747
1.3067512820838374
1.6676264753346572
2.1413622502585667
2.2779096206777467
2.7209919042830393
3.537489445769495
3.90115132004928
3.747883863456252
3.6712501351597666
2.8561459341877935
2.226356021641948
1.3053579415693548
0.46656695185123453
0.12937854734656185
0.049958138021111154
-0.2189565812739147
-0.24682339156356647
-0.3791907404393555
-0.526884834974453
-0.5282781754889356
-0.7735061060377575
-1.2388818378747146
-0.2955903095704002
0.8985025113406095
1.8320406560435458
2.1761957631205746
2.314136474054294
2.2068492544391916
2.1455422718019577
2.8115590377243507
3.1794009335475835
2.989906623578065
2.392163542865319
2.6415714949575886
1.9797347505786433
1.154877166005292
0.635161154103514
-0.20362983561460624
-0.9448869893190022
-1.3614958031491255
-1.0856143812816867
-1.0549608899630698
-0.9379202867465892
-0.8459598127907952
-1.0270940796734749
-0.8933333902832032
-0.44189106359101515
0.3091194737147589
0.34813300812027137
1.2886378553955637
1.3638782431776235
1.6801665399650005
1.532472445429903
1.7651603113483816
2.137182228715119
2.399130245437732
2.018748284984099
1.7372935010587867
1.522719061828525
1.09078350233915
0.7856419296675767
0.40525996921400065
0.0917583534555888
-0.17715636583943706
-0.5979452012130082
-0.7386725931756928
-0.8543198558776908
-0.9992272693838231
-1.0466008468762311
-0.9616070754927932
-0.7944062137549963
-0.27329686133873565
0.16281871969414397
0.39271990458365735
0.5069738267711728
0.9472694293475001
1.4795255058796215
1.2551976830479816
0.7173682444579867
0.4986137836842772
0.5014004647132424
0.4902537405973817
0.4331267795036524
0.2631392367368335
0.13077188786104443
0.026271349274907152
-0.1966631330421933
-0.08937591342709084
-0.7860461706681008
-0.8306330671314868
-0.9086601359425117
-0.9866872047534798
-0.7860461706681008
-0.5826184555536997
-0.42795765844618927
-0.17994304686840223
0.3648530942940056
0.7271216280593649
0.8176887615006763
1.7512269062036125
0.5682808094084066
0.7396616926896513
0.5515607232346156
0.5236939129449638
0.34813300812027137
0.36763977532297076
0.5292672750028942
-0.7121991234005236
-1.3712491867505037
-1.2096216870705803
-0.9016934333700988
-0.595158520184043
-0.46697119285170174
-0.5826184555536997
-0.5770450934957694
-0.7804728086101704
-1.1650347906071943
-1.2193750706719584
-0.5296715160034182
0.4693536328801997
1.0155431145570901
1.3541248595762454
1.6522997296753488
2.202669232895744
1.0657033730784633
1.8083538672973418
2.4896973788790433
2.708451839652696
2.963433153802896
3.13620737759868
2.4827306763066304
1.9212144489703746
1.2635577261348772
0.682534731595922
0.4679602923657171
0.13913193094793996
-0.30534369317177834
-0.6550721623067943
-0.7595727008929316
-0.8654665799935515
-0.8403864507328649
-1.0842210407672042
-0.5658983693799087
0.6031143222704713
1.4028917775830791
1.9950614962379518
2.269549577590908
2.236109405243326
1.8613008068476802
2.531497594313464
2.252829491417117
2.3392166033149806
2.1859491467219527
2.392163542865319
2.03546837115789
1.4864922084520344
0.8831757656813011
0.61147436535731
0.6407345161614444
0.458206908764339
-0.6076985848143863
-0.9936539073258928
-1.1246279156871992
-1.8087581082978659
-1.3963293160111903
-1.5718902208358827
-1.0786476787092738
0.4331267795036524
1.2356909158452822
2.011781582411743
2.061941840933059
2.212422616497122
2.5119908271107647
3.3619285409447457
3.7576372470576302
3.1376007181131627
2.888192766020893
2.935566343513244
2.2723362586198164
1.4251852258148006
0.7731018650372334
0.5292672750028942
0.35509971069262747
-0.08519589188364307
-0.5812251150392171
-0.7762927870667227
-0.7567860198639664
-0.9239868816018202
-1.1413480018609903
-1.3740358677794688
-1.2430618594181624
0.46378027082226936
1.3959250750106662
1.8738408714780235
2.049401776302716
2.1998825518667786
2.980153239976687
3.2225944894965437
2.7404986714857955
3.034493520041508
3.0832604380483417
2.1970958708378134
1.8989210007386532
1.2551976830479816
0.5250872534594464
0.2519925126209728
-0.3457505680917734
-0.618845308930247
-0.2872302664835047
-0.8153063214721783
-0.9225935410873376
-1.0284874201879575
-1.1106945105423733
-1.1789681957520202
-0.5254914944599705
0.618441067929723
1.2482309804756255
1.5032122946258255
2.266762896561943
3.3897953512343975
3.619696536123911
3.9206580872520362
3.435775588212266
2.9313863219697964
2.803198994637455
2.3197098361122244
2.394950223894284
1.7066400097401697
1.4572320576479
1.1660238901211528
0.7326949901172952
0.03741807339076786
-0.255183434650462
-1.0563542304775524
-2.2490537108741364
-3.0836646790488658
-3.174231812490177
-3.005637610237841
-1.9425187976881375
-0.299770331113848
0.6268011110166185
1.2106107865845956
1.5004256135968603
1.6968866261387916
1.9532612808034742
1.997848177266917
1.8571207853042324
1.8431873801594065
1.6146795357843757
1.5310791049154204
1.1883173383528742
0.7731018650372334
0.44009348207606536
0.342559646062341
0.21297897821551715
0.19625889204172609
0.5000071241987598
0.12798520683207926
-0.07962252982571272
0.13913193094793996
0.3341996029754455
0.41501335281537877
0.7856419296675767
1.192497359896322
1.9170344274269269
2.5440376589438074
3.1724342309751705
3.405122096893706
2.486910697850078
2.293236366337055
2.106528737396502
2.368476754119115
2.4576505470459438
2.1260355045992583
1.6634464537912095
1.0782434377088066
0.8553089553917061
0.25756587467890313
0.0206979872169768
-0.46557785233721916
-0.5770450934957694
-0.26075679670839236
-0.43910438256205
-0.7247391880308669
-0.23846334847667094
-0.14928955554984213
0.30215277114234596
1.6244329193857538
2.7195985637685567
2.88122606344848
3.412088799466119
4.542087956710986
3.9122980441651407
4.132445845453276
4.353986987255894
3.395368713292328
3.527736062168117
3.1320273560552323
2.4242103746983616
1.3192913467141807
0.7633484814358553
0.14191861197690514
-0.0824092108546779
-0.4363177015330848
-0.1729763442959893
-0.3959108266131466
-0.07822918931123013
0.21297897821551715
-0.11863606423122519
-0.2440367105346013
-0.048969038507095775
0.39132656406917476
1.393138393981701
3.371681924546124
3.4650357390164004
3.6378099628121845
4.216046276322174
4.614541663464024
3.7938641004341775
4.015405242236795
3.4915092087915696
3.2880814936772254
2.460437228074909
1.6982799666532742
0.9430894078040524
0.9305493431737091
0.458206908764339
0.10011839654242749
0.10011839654242749
-0.6035185632709386
-0.48787130056894057
-0.46697119285170174
-0.1060959996008819
0.434520120018135
1.1660238901211528
2.6903384129644223
3.687970221333501
4.104579035163624
3.5862563637763287
3.2532479808151606
2.2514361509026344
3.584863023261846
3.322915006539233
3.4093021184371537
2.932779662484279
3.1515341232579885
2.43953712035767
1.655086410704314
1.2078241055556305
0.7090082013710912
0.3857532020112444
0.1112651206582882
0.005371241557668327
-0.1827297278973674
-0.25936345619390977
-0.18969643046978035
-0.18690974944081518
-0.3582906327221167
-0.2426433700201187
0.318872857316137
1.1270103557156403
1.3819916698658403
1.7470468846601648
2.342003284343946
1.2315108943018345
1.267737747678325
1.4363319499306613
1.7470468846601648
1.6606597727622443
1.4126451611844573
1.0615233515350155
0.6156543869007578
0.16421206020862655
-0.19108977098426294
-0.6522854812778291
-0.4600044902792888
-0.666218886422655
-0.5240981539454879
-0.6857256536253544
-0.42795765844618927
-0.2649368182518401
-0.22174326230287988
-0.07822918931123013
0.2937927280554504
0.8594889769351539
1.2788844717941856
1.6495130486463836
2.3294632197136025
2.25979619398953
2.5677244476900114
2.3629033920611846
2.2918430258225726
2.080055267621333
1.3805983293513577
1.291424536424529
0.5334472965463419
0.32862624091751513
-0.09634261599950378
-0.4850846195399754
-0.5909784986405953
-0.5700783909233564
-0.7623593819218968
-0.8153063214721783
-0.9016934333700988
-0.642532097676451
-0.7233458475163843
-0.4056642102145247
0.003977901043185739
0.642127856675927
1.27052442870729
1.4419053119885916
2.0298950090999597
1.678773199450518
1.8125338888407896
1.7386868415732692
1.9769480695496782
1.8501540827318195
1.78048705700769
1.6927066045953438
1.3471581570038325
0.9598094939778434
0.6672079859366136
0.5613141068359937
0.5000071241987598
0.05274481905007633
-0.4460710851344629
-0.5812251150392171
-0.6076985848143863
-0.46557785233721916
-0.3248504603745346
0.19625889204172609
1.067096713592946
1.841794039644924
2.321103176626707
2.4492905039590482
2.599771279523111
2.4966640814514562
2.708451839652696
3.377255286604054
3.6921502428769486
3.2811147911048124
3.5625695750301247
2.904912852194684
2.174802422606092
1.6369729840160403
1.1033235669694932
0.9291560026592265
0.8413755502468803
0.6365544946179966
0.35927973223607523
0.02766468978938974
0.06110486213697186
0.1474919740348355
0.25477919364993795
0.6128677058717926
1.3889583724382533
1.851547423246302
2.408883629039053
2.630424770841728
2.8770460419050323
3.5834696827473635
3.626663238696324
4.142199229054654
3.7437038419128044
3.8245175917527376
3.561176234515642
2.9104862142526144
1.7512269062036125
1.2510176615045339
0.9026825328840573
0.5822142145532325
0.6532745807917877
0.7870352701820593
0.8358021881889499
1.0587366705060504
1.3234713682576285
1.1479104634328792
1.1297970367446055
1.4572320576479
1.78048705700769
1.926787811028305
2.0535817978461637
1.875234211992506
1.5004256135968603
2.649931538044484
2.633211451870693
2.5231375512266254
3.2058744033227526
3.343815114256472
2.9954799856359955
2.3503633274308413
1.7790937164932075
1.7372935010587867
1.4600187386768653
1.3137179846562503
0.9751362396371519
1.2691310881928075
1.1646305496066702
1.2370842563597648
1.1632372090921876
1.1437304418894314
0.9904629852964604
1.1061102479984584
1.4391186309596264
1.6662331348201747
1.7930271216380333
1.9560479618324393
2.1190688020268453
2.3127431335398114
2.3935568833798015
2.2416827673012563
2.9912999640925477
3.384221989176467
3.0776870759904114
2.2179959785550523
1.556159234176107
1.1897106788673568
1.0866034807957021
0.9166159380288832
0.9235826406012961
1.2036440840121827
0.8622756579641191
0.7563817788634424
0.8985025113406095
0.8957158303116444
0.7187615849724693
0.6616346238786832
0.5153338698580683
0.5473807016911678
0.6727813479945439
1.1423371013749488
1.5673059582919677
1.7456535441456822
2.0340750306434074
2.1288221856282235
2.1023487158530543
1.9003143412531358
1.9072810438255487
1.7136067123125827
0.9486627698619827
0.635161154103514
0.5362339775753071
0.3439529865768236
0.2380591074761469
-0.07683584879674754
-0.1952697925277107
-0.09216259445605601
-0.1283894478326033
-0.1729763442959893
-0.17018966326702412
-0.207809857158054
0.4470601846484783
1.508785656683699
1.8738408714780235
1.8682675094200931
1.7275401174574085
1.9240011299993398
2.3392166033149806
2.6081313226100065
2.705665158623731
2.486910697850078
2.29044968530809
1.9616213238903697
1.1019302264550106
0.47632033545261265
0.19904557307069126
-0.231496645904258
-0.19805647355667588
-0.048969038507095775
-0.323457119860052
-0.39033746455521623
-0.6912990156832848
-0.935133605717624
-1.2472418809616101
-0.7804728086101704
0.4261600769312395
0.8385888692179151
1.4112518206699747
1.4502653550754872
1.8877742766228494
2.8700793393326194
2.5370709563713945
2.847785891100898
2.658291581131323
2.5983779390086283
2.807379016180903
2.479943995277665
1.508785656683699
0.6853214126248872
0.4331267795036524
0.5529540637490982
0.024878008760424564
0.26731925828028125
-0.009955504101640145
-0.20362983561460624
-0.17715636583943706
-0.10748934011536448
-0.05175571953606095
-0.13674949091949884
0.7689218434937857
1.5004256135968603
1.7470468846601648
1.7303267984863737
1.7554069277470603
2.245862788844704
2.7000917965658005
3.010806731295304
3.268574726474469
3.3549618383723327
3.006626709751856
2.11070875893995
1.6940999451098264
1.5742726608643807
1.2635577261348772
0.8748157225944055
0.5850008955821977
0.2060122756431042
0.2380591074761469
-0.05036237902157836
-0.12002940474570778
-0.4335310205041196
-0.2969836500848828
-0.03782231439123507
0.6992548177697131
1.5032122946258255
1.7554069277470603
1.6690198158491398
1.8236806129566503
2.8965528091077886
2.7474653740582085
2.762792119717517
3.2365278946413696
3.1696475499462053
2.8700793393326194
2.226356021641948
1.919821108455892
1.7177867338560304
1.341584794945902
0.845555571790328
0.750808416805512
0.7898219512110245
0.6240144299876533
0.40386662869951806
-0.032248952333304715
-0.07962252982571272
0.10151173705691008
0.6379478351324792
1.2008574029832175
1.9351478541152005
1.7177867338560304
1.2454442994466604
1.9058877033110662
2.2207826595840174
2.5342842753424293
2.521744210712143
2.5537910425451855
2.403310266981123
2.2946297068515378
2.049401776302716
1.504605635140308
1.0977502049115628
0.7048281798276435
0.45542022773537383
0.4233733959022743
0.5320539560318593
0.3648530942940056
0.27707264188165937
-0.1966631330421933
-0.1409295124629466
-0.26075679670839236
-0.1283894478326033
1.029476519701916
1.572879320349898
1.8431873801594065
1.8849875955938842
2.7711521628044125
2.734925309427865
3.065147011360068
2.6764050078195964
2.498057421965939
2.6513248785589667
2.1622623579757487
2.1469356123164403
1.6871332425374135
1.1339770582880533
0.6281944515311011
0.4498468656774435
0.5153338698580683
0.7215482660014345
0.5808208740387499
0.5014004647132424
0.46378027082226936
0.5752475119808196
0.3216595383451022
0.47910701648157783
1.0099697524991598
1.7888471000945856
1.7609802898049338
1.4293652473582483
1.7122133717981
2.028501668585477
1.3527315190617628
1.501818954111343
1.5268990833719727
1.3945317344961836
1.4892788894809996
1.2022507434977001
0.6602412833642006
0.5599207663215111
0.6477012187338573
0.5348406370608245
0.5933609386690932
0.27985932291062454
0.38296652098227923
0.35788639172159264
0.28125266342510713
0.1474919740348355
-0.028068930789913793
0.1363452499189748
0.9249759811157787
1.4558387171334175
1.6759865184215528
1.4586253981623827
1.7484402251746474
1.9156410869124443
1.7219667553994782
2.4590438875604264
2.408883629039053
2.5398576374003596
2.486910697850078
1.9086743843400313
1.1869239978383916
0.8469489123048106
0.6490945592483399
0.5710674904373718
0.27707264188165937
0.30354611165682854
-0.2189565812739147
-0.13256946937605107
-0.07404916776778236
-0.0824092108546779
-0.1297827883470859
0.023484668245941975
0.8803890846523359
1.726146776942926
2.269549577590908
2.2138159570116045
1.5268990833719727
2.361510051546702
2.8533592531588283
3.4037287563792233
3.178007593033101
3.244887937728265
3.2630013644165388
2.5189575296831777
1.49485225153893
1.3569115406052106
1.2133974676135608
1.1088969290274235
1.0810301187377718
0.944482748318535
0.5794275335242673
0.342559646062341
0.33977296503337584
0.6365544946179966
0.7522017573199946
0.9416960672895698
1.4767388248506563
2.1246421640847757
2.0243216470420293
2.063335181447542
1.8334339965580284
2.640178154443106
2.5259242322555906
2.6415714949575886
2.4883040383645607
2.819919080811246
2.375443456691528
2.028501668585477
1.3666649242065887
1.1019302264550106
1.0475899463901897
0.7731018650372334
0.7410550332041339
1.2078241055556305
1.145123782403914
1.029476519701916
1.005789730955712
1.100536885940528
1.1047169074839758
1.1966773814397698
1.787453759580103
2.0981686943096065
2.038255052186855
2.056368478875129
2.2848763232501597
2.113495439968915
2.3224965171411895
2.420030353154914
2.5816578528348373
2.3601167110322194
2.408883629039053
1.9449012377165786
1.4934589110244474
0.8776024036233707
0.944482748318535
0.9625961750068086
1.1061102479984584
0.5139405293435857
0.17257210329552208
0.001191220014220562
0.3077261332002763
0.2826460039395897
0.4693536328801997
0.9458760888330175
1.662053113276727
1.981128091093126
2.1121020994544324
2.1803757846640224
2.446503822930083
3.2978348772785466
3.1557141448014363
3.5695362776025377
3.159894166344884
3.2198078084675785
2.746072033543726
2.021534966013064
1.2593777045914294
1.0977502049115628
0.8427688907613629
0.7703151840082683
0.682534731595922
1.423791885300318
0.8190821020151589
0.8260488045875718
0.7549884383489598
0.61147436535731
0.7549884383489598
1.1242236746866752
1.8557274447897498
2.4423238013866353
2.507810805567317
2.58305119334932
2.7572187576595866
2.9146662357960054
2.578871171805872
2.403310266981123
2.6178847062113846
2.616491365696902
2.7544320766306214
2.4576505470459438
2.0340750306434074
1.6313996219581668
1.4042851180975617
1.1883173383528742
1.0824234592522544
1.756800268261543
1.5268990833719727
1.331831411344524
0.7870352701820593
0.9012891923695747
0.8483422528192932
0.8580956364206713
1.2370842563597648
1.5422258290312811
1.8571207853042324
2.137182228715119
2.7237785853120045
2.9954799856359955
3.31037494190889
3.2365278946413696
3.5904363853197765
3.527736062168117
3.3187349849957855
2.250042810388152
1.5477991910892115
1.0406232438177767
1.3262580492865936
1.3889583724382533
1.3805983293513577
1.572879320349898
1.6355796435015577
1.5115723377126642
1.267737747678325
1.3165046656852155
1.3360114328879718
1.572879320349898
2.266762896561943
2.7878722489781467
3.2309545325834392
3.1376007181131627
3.31037494190889
3.844024358955494
3.639203303326667
3.8426310184410113
4.210472914264244
3.687970221333501
3.2295611920689566
2.9453197271146223
2.559364404603116
1.9351478541152005
1.7470468846601648
1.8599074663331976
1.7609802898049338
1.5268990833719727
1.4976389325678952
1.6829532209939657
1.6662331348201747
1.3095379631128026
1.3527315190617628
1.7303267984863737
2.4952707409369737
3.1543208042869537
3.432988907183301
3.3661085624881935
3.6001897689211546
3.860744445129285
3.7520638849997
3.942951535483701
3.9847517509181785
4.186786125518097
3.82033757020929
3.116700610395924
2.273729599134299
1.8794142335359538
1.6313996219581668
1.3039646010548722
1.145123782403914
1.2440509589321778
1.1980707219542523
1.2412642779032126
1.386171691409288
1.5505858721181767
1.372238286264519
1.5519792126326593
3.0776870759904114
3.7423105013983218
3.880251212332041
4.011225220693348
3.7102636695652222
3.880251212332041
3.8663178071872153
3.9540982595995615
3.5430628078274253
3.935984832911288
3.037280201070473
2.5161708486542125
1.9017076817676184
1.6467263676174184
1.4697721222782434
0.7828552486386116
0.7703151840082683
1.199464062468735
0.9235826406012961
1.1325837177735707
1.284457833852116
1.260771045105912
1.0239031576439857
1.1576638470342573
2.109315418425467
2.9007328306512363
3.2769347695613646
2.861719296245724
3.143174080171093
3.228167851554474
3.520769359595704
3.2602146833875736
3.5319160837115646
3.669856794645284
3.6405966438411497
2.6959117750223527
1.9936681557234692
1.3973184155251488
1.199464062468735
1.1102902695419061
0.9458760888330175
1.1242236746866752
0.9403027267750872
0.9026825328840573
0.7953953132689549
0.7424483737186165
0.9124359164854354
1.3610915621486583
2.637391473414141
3.048426925186277
2.9244196193973835
2.7683654817754473
3.867711147701698
2.803198994637455
2.942533046085657
3.7158370316231526
4.174246060887754
3.7395238203693566
3.2769347695613646
3.1320273560552323
2.4715839521907697
1.9476879187455438
1.7108200312836175
1.5338657859443856
1.1604505280632225
1.2802778123086682
1.3694516052355539
1.348551497518315
1.1785639547514961
1.0280831791874334
1.1604505280632225
1.5436191695457637
2.4618305685893915
2.436750439328705
2.3935568833798015
2.165049039004714
2.6178847062113846
3.1473541017145408
3.8119775271223943
4.036305349954034
4.459880866356514
5.38784564900152
3.687970221333501
2.8756527013905497
2.2751229396487815
1.7818803975221726
1.6425463460739707
1.4976389325678952
1.2510176615045339
1.603532811668515
1.5366524669733508
1.522719061828525
1.5714859798354155
1.6397596650450055
1.6118928547554106
1.6968866261387916
2.708451839652696
3.388402010719915
3.7158370316231526
4.016798582751278
3.6517433679570104
4.423654012980023
4.11293907825052
5.171877869256832
4.071138862816042
4.744122331310848
4.450127482755136
3.5500295103998383
2.874259360876067
2.4019169264666402
2.0772685865923677
1.8195005914132025
1.2551976830479816
1.5004256135968603
1.2872445148810812
1.0615233515350155
1.324864708772111
1.4837055274230693
1.4990322730823777
1.4084651396410095
2.202669232895744
2.844999210071933
2.734925309427865
2.535677615856912
3.0219534554111647
3.759030587572113
3.159894166344884
5.104997524561668
4.861162934527329
4.064172160243629
3.60297644995012
2.1246421640847757
1.4460853335320394
1.301177920025907
1.0322632007308812
0.7285149685738475
0.5097605078001379
0.36763977532297076
0.31329949525820666
0.5836075550677151
0.5682808094084066
0.5334472965463419
0.46656695185123453
0.46517361133675195
1.9671946859483
3.4678224200453656
3.8663178071872153
3.357748519401298
4.217439616836657
3.0665403518745507
2.9871199425491
3.4302022261543357
3.806404165064464
3.178007593033101
3.2978348772785466
2.7307452878844174
2.1357888882006364
1.841794039644924
1.5241124023430075
1.5519792126326593
1.1325837177735707
0.9876763042674952
0.519513891401516
0.8776024036233707
0.7215482660014345
0.7953953132689549
0.7535950978344772
1.0266898386729508
2.484124016821113
3.428808885639853
3.9638516432009396
3.972211686287835
3.764603949630043
3.523556040624669
3.626663238696324
3.582076342232881
3.6238765576673586
3.8691044882161805
3.874677850274111
3.0358868605559906
2.3364299222860154
1.7484402251746474
1.4056784586120443
0.8859624467102662
0.5682808094084066
1.9421145566876135
1.5032122946258255
1.3137179846562503
0.8957158303116444
1.522719061828525
1.5143590187416294
1.4363319499306613
2.7544320766306214
3.45946237695847
3.537489445769495
3.6921502428769486
3.3382417521985417
3.558389553486677
3.228167851554474
2.9676131753463437
3.1013738647366154
3.2170211274386133
2.9453197271146223
2.7892655894926293
1.960227983375887
1.7414735226022344
1.5686992988064503
1.4697721222782434
1.4321519283872135
0.8260488045875718
0.8998958518550921
0.9946430068398513
1.0712767351363937
0.961202834492326
0.8706357010509578
1.0629166920494981
1.3889583724382533
2.4074902885245706
2.510597486596282
2.590017895921733
3.0386735415849557
3.0832604380483417
3.0916204811352372
2.8965528091077886
2.524530891741108
2.1525089743743706
2.368476754119115
1.8153205698697548
1.2691310881928075
0.7257282875448823
0.3996866071560703
-0.08798257291260825
0.03463139236180268
-0.08937591342709084
-0.8097329594142479
-0.503198046228249
-0.48787130056894057
-0.6968723777412151
-0.5129514298296272
-0.24961007259253165
0.8037553563558504
1.9421145566876135
1.9072810438255487
1.8975276602241706
2.160869017461266
2.4757639737342174
2.661078262160288
2.517564189168695
2.3224965171411895
2.059155159904094
1.8989210007386532
1.5185390402850771
1.1493038039473618
0.9834962827240474
0.7842485891530941
0.42894675796020465
-0.012742185130605321
0.434520120018135
-0.4725445549096321
-1.4896831304814668
-1.6234438198717385
-1.7655645523489056
-2.1403731507445514
-1.067500954593413
0.920795959572331
2.273729599134299
2.6666516242182183
2.5774778312913895
2.6833717103920094
2.821312421325729
2.8658993177891716
2.9063061927091667
2.8254924428691766
2.2138159570116045
2.1051353968820194
1.9644080049193349
1.0392299033032941
0.2380591074761469
-0.38894412404073364
-0.7567860198639664
-1.0661076140789305
-1.2556019240485057
-2.179386685150064
-2.047019336274275
-2.3786343787209603
-2.437154680329229
-2.332654141743035
-1.7154042938275325
0.9416960672895698
2.491090719393526
3.2225944894965437
3.306194920365442
3.6587100705294233
3.4065154374081885
3.4678224200453656
3.3897953512343975
3.1919409981779268
3.343815114256472
2.9690065158608263
2.358723370517737
1.192497359896322
1.05316330844812
1.0113630930136424
0.6811413910814395
-0.4600044902792888
0.016517965673529034
0.6198344084442056
0.9012891923695747
0.9221893000868135
0.6839280721104046
0.07085824573834998
-0.255183434650462
0.944482748318535
2.3865901808073886
2.3838034997784234
2.6791916888485616
2.6359981328996582
2.8770460419050323
2.960646472773931
2.9857266020346174
2.555184383059668
2.321103176626707
2.2611895345040125
1.8808075740504364
1.4223985447858354
1.0322632007308812
0.34952634863475396
-0.4502511066779107
-0.5310648565179008
-0.4084508912434899
-1.2416685189036798
-0.9323469246886589
-0.5436049211481873
-0.6216319899592122
-0.4265643179317067
-0.6843323131108718
0.32444621937406737
1.7038533287112045
2.1385755692296016
2.3740501161770453
2.7028784775947656
2.8185257402967636
2.8059856756664203
2.7683654817754473
2.772545503318895
3.051213606215242
2.58305119334932
2.4423238013866353
2.0131749229262255
1.6676264753346572
1.348551497518315
0.873422382079923
0.2993660901133808
0.1711787627810395
-0.5993385417274908
-0.19944981407115847
-0.23846334847667094
-0.533851537546866
-0.9755404806376191
0.01094460361559868
0.8358021881889499
2.1594756769467836
2.7600054386885517
2.9341730029987616
2.585837874378285
2.1998825518667786
1.7972071431814811
1.5686992988064503
1.372238286264519
1.1715972521790832
0.9890696447819778
1.232904234816317
1.2008574029832175
0.873422382079923
0.86645567950751
0.713188222914539
0.5654941283794415
0.7020414987986783
0.4874670595684165
0.3885398830402096
0.4331267795036524
0.5390206586042723
0.6003276412415062
0.6978614772552305
0.9221893000868135
1.331831411344524
1.6355796435015577
1.5784526824078284
1.8919542981662403
2.4715839521907697
2.888192766020893
2.783692227434699
2.821312421325729
2.54543099945829
2.517564189168695
1.7456535441456822
0.8135087399572285
0.7090082013710912
0.5863942360966803
0.342559646062341
0.1349519094044922
-0.11445604268777743
-0.28444358545459636
-0.27469020185321824
-0.36247065426556446
-0.36525733529452964
-0.4474644256489455
-0.5505716237206002
0.25756587467890313
1.3471581570038325
1.5645192772630026
2.1218554830558105
2.4827306763066304
2.3433966248584284
2.484124016821113
2.087021970193746
1.960227983375887
2.0020281988103648
2.406096948010088
1.9560479618324393
1.4223985447858354
0.8260488045875718
0.6323744730745489
0.410833331271931
-0.2774768828821834
-0.5686850504088738
-0.788832851697066
-0.160436279665646
0.1697854222665569
-0.009955504101640145
-0.11306270217329484
-0.11166936165881225
0.5585274258070285
1.3945317344961836
1.6731998373925876
1.9295744920572702
2.408883629039053
2.8324591454415895
2.8185257402967636
2.6290314303272453
2.7544320766306214
2.715418542225109
3.1250606534828194
2.358723370517737
1.471165462792726
1.022509817129503
0.665814645422131
0.21019229718655197
-0.347143908606256
-0.04200233593468283
-0.5143447703441097
-0.2649368182518401
0.21297897821551715
0.3230528788595848
0.4442735036195131
0.342559646062341
1.3053579415693548
1.7108200312836175
1.7470468846601648
1.7386868415732692
2.042435073730303
2.7070584991382134
2.1831624656929876
2.5816578528348373
2.3155298145687766
2.1970958708378134
2.1121020994544324
1.4516586955899697
0.9291560026592265
0.46517361133675195
-0.3332105034614301
-0.9225935410873376
-1.0187340365865794
0.23387908593269913
-0.0698691462243346
0.012337944130081269
0.06110486213697186
0.015124625159046445
0.12798520683207926
0.21297897821551715
0.8079353778992981
1.586812725494724
1.7651603113483816
2.042435073730303
1.9532612808034742
2.2347160647288433
2.8463925505864154
2.6220647277548323
2.4785506547631826
2.2723362586198164
2.361510051546702
1.3109313036272852
0.2854326849685549
-0.46697119285170174
-1.0159473555576142
-0.9142334980004421
-0.5686850504088738
-0.741459274204658
-0.7135924639150062
-1.0270940796734749
-1.1483147044334032
-1.499436514082845
-1.5997570311255345
-1.3949359754967077
-0.802766256841835
0.048564797506628565
0.3899332235546922
0.8748157225944055
1.4530520361044523
1.4850988679375519
2.43953712035767
2.252829491417117
1.7136067123125827
1.8264672939856155
1.4014984370685966
1.0977502049115628
0.6867147531393698
0.03741807339076786
-0.3373905250048779
-1.0995477864265126
-1.5593501562055962
-1.7014708886827066
-2.1905334092659245
-2.668449205733225
-2.5444418999443315
-2.406501189010612
-2.548621921487779
-2.6391890549290906
-1.1315946182596122
-0.17576302532495447
0.2380591074761469
0.40386662869951806
0.5682808094084066
0.5822142145532325
0.5487740422056504
0.689501434168335
1.09078350233915
1.267737747678325
1.0657033730784633
0.6031143222704713
-0.0698691462243346
-0.8055529378708002
-1.4158360832139465
-2.108326318911452
-2.406501189010612
-2.706069399624255
-2.760409679689019
-2.689349313450464
-2.6029622015525433
-2.538868537886401
-2.4928883009084757
-2.3939611243802688
-1.322482268743613
-0.25100341310701424
-0.0824092108546779
0.1474919740348355
0.07364492676731516
0.058318181108006684
0.33837962451889325
1.6007461306395498
1.539439148002316
1.4112518206699747
1.1353703988025359
0.5390206586042723
-0.08937591342709084
-0.39033746455521623
-1.0048006314417535
-1.6568839922193206
-1.771137914406836
-2.0038257803253146
-2.045625995759792
-2.4023211674671643
-2.3256874391706788
-2.0107924828977275
-2.1835667066935116
-1.8352315780729782
-0.7665394034653445
0.3662464348084882
0.8692423605364752
0.4094399907574484
0.5571340852925459
0.5989343007270236
0.5529540637490982
0.5724608309518544
0.5097605078001379
0.4498468656774435
0.4735336544236475
0.3968999261271051
0.1112651206582882
0.026271349274907152
-0.22592328384632765
-0.3095237147152261
-0.4948380031413535
-0.7707194250087923
-0.8710399420514818
-0.6996590587701803
-0.7665394034653445
-0.6899056751688022
-0.670398907966046
-0.5617183478364609
-0.41263091278693764
0.3355929434899281
0.31469283577268925
0.30354611165682854
1.1116836100563887
2.392163542865319
2.028501668585477
2.6791916888485616
2.6903384129644223
2.2179959785550523
1.5784526824078284
0.9834962827240474
0.6699946669655787
0.22969906438925136
-0.2955903095704002
-0.8306330671314868
-0.8752199635949296
-1.0117673340141664
-0.9769338211521017
-0.8194863430156261
-0.7024457397991455
-0.6355653951040381
-0.7038390803136281
-0.6522854812778291
0.4456668441339957
1.1088969290274235
1.168810571150118
1.9226077894848572
2.6833717103920094
2.7098451801671786
2.746072033543726
2.711238520681661
2.711238520681661
2.133002207171671
2.3935568833798015
1.688526583051896
1.0043963904412294
0.7786752270951638
0.11962516374518373
-0.39730416712762917
-1.0410274848183008
-1.0243073986445097
-1.2388818378747146
-1.3489557385187823
-0.9908672262969276
-1.5593501562055962
-1.5816436044372608
-0.857106536906656
0.18929218946931314
1.7386868415732692
1.3039646010548722
1.1660238901211528
1.9393278756586483
1.4293652473582483
1.7777003759787249
2.524530891741108
2.559364404603116
2.212422616497122
1.5826327039512762
1.0239031576439857
0.7271216280593649
0.39411324509813994
0.08200496985421069
-0.2705101803097705
-0.3666506758090122
0.12798520683207926
-0.023888909246466028
-0.1855164089263326
-0.5115580893151446
-0.6035185632709386
-0.7721127655232749
-0.6467121192198988
-0.2677234992808053
0.06946490522386739
0.2492058315920076
0.295186068569933
0.33698628400441066
0.43870014156158277
0.5696741499228892
0.665814645422131
0.7117948824000564
0.4679602923657171
0.13773859043345738
-0.07544250828226495
-0.323457119860052
-0.4739378954241147
-0.4962313436558361
-0.4140242533013634
-0.5296715160034182
-0.5185247918875575
-0.6035185632709386
-0.758179360378449
-0.958820394463828
-0.9281669031452111
-0.9462803298334848
-1.230521794787819
-1.2333084758167843
-1.1817548767809285
-1.1204478941437515
-1.1065144889989256
-1.1720014931796072
-0.8389931102183823
-0.9003000928556162
-0.9142334980004421
-0.5617183478364609
-0.7052324208281107
-1.0103739934996838
-1.7279443584578758
-2.4873149388505453
-2.5346885163429533
-2.8356500674710787
-2.8454034510724
-3.1087448083094955
-3.5072401954513452
-3.476586704132785
-3.57969390220444
-3.84024857841257
-4.059003039186223
-4.3320977800246965
-5.452343553668186
-5.462096937269564
-4.068756422787601
-2.3103606935113703
-1.4646030012207802
-0.8417797912473475
-0.9602137349783106
-0.8905467092542381
-0.9030867738845814
-0.7052324208281107
-0.8250597050735564
-1.152494725976851
-1.9912857156949713
-3.011210972295771
-3.568547178088579
-4.758459977456198
-5.552664070710875
-5.311616161705501
-5.665524652383908
-5.449556872639221
-6.267447754640159
-6.45276204306623
-7.163365705452065
-6.405388465573878
-4.938200903824338
-3.6396075443271343
-1.7739245954358012
-0.18969643046978035
-0.04478901696364801
0.44288016310503053
0.271499279823729
0.5069738267711728
0.5445940206622026
0.6128677058717926
0.3216595383451022
0.031844711332837505
-0.8180930025011435
-1.740484423088219
-1.9815323320935931
-3.3358593121701006
-4.3084109912784925
-4.293084245619184
-3.270372307989419
-3.5072401954513452
-3.1157115108819085
-3.5713338591175443
-3.388806251720382
-3.232752114098389
-3.4919134497920368
-2.545835240458814
-0.9086601359425117
0.1586386981506962
0.6686013264510962
0.8037553563558504
0.7717085245227508
0.5209072319159986
0.271499279823729
0.295186068569933
0.3202661978306196
-0.03782231439123507
-0.7149858044294888
-1.8240848539571175
-2.7186094642545413
-3.514206898023758
-4.109163297707596
-4.755673296427233
-4.772393382600967
-4.833700365238201
-5.062208209613232
-4.744526572311372
-4.918694136621582
-5.069174912185645
-4.957707671027094
-3.613134074551965
-1.6373772250165644
-1.0939744243685823
-0.3359971844903953
-0.13535615040501625
0.017911306188011622
-0.41123757227245505
0.828835485616537
1.1019302264550106
0.35509971069262747
-0.11863606423122519
-1.261175286106436
-2.172419982577651
-3.0432578041288707
-3.551827091914788
-4.3014442887060795
-4.807226895463032
-4.52437877102318
-4.38086469803153
-4.392011422147391
-4.663712822471382
-4.833700365238201
-5.3854632089730785
-5.1137618086490875
-3.1463650022005254
-1.771137914406836
-1.0939744243685823
-0.9755404806376191
-1.6220504793572559
-1.067500954593413
-0.4377110420475674
-0.15068289606432472
-0.0824092108546779
-0.7052324208281107
-0.7930128732405137
-1.546810091575253
-2.144553172287999
-2.7172161237400587
-3.416673062010034
-3.820741811209814
-4.2331706034964895
-4.534132154624558
-4.439384999639799
-4.5801123916024835
-4.660926141442417
-4.224810560409594
-3.7650081906305104
-3.9781892893462896
-2.7213961452835065
-1.7028642291971892
-1.0563542304775524
-1.0410274848183008
-1.0354541227603704
-0.7860461706681008
-0.5463916021771524
-0.34993058963522117
-0.2816569044256312
-0.4572178092503236
-0.7080191018570758
-1.3642824841780907
-2.352160908945791
-3.1937385796929334
-4.086869849475875
-4.836487046267166
-4.892220666846413
-5.032948058809097
-5.25866922215522
-5.176462131800747
-5.488570407044733
-5.300469437589641
-5.442590170066808
-5.32694290736481
-3.005637610237841
0.2868260254830375
1.0266898386729508
1.2802778123086682
1.6731998373925876
1.9309678325717528
1.7372935010587867
1.454445376618935
1.440511971474109
1.501818954111343
0.6769613695379917
-0.6843323131108718
-1.7084375912551195
-1.9508788407749762
-2.4120745510685424
-2.101359616339039
-2.4009278269526817
-2.7144294427111504
-2.2016801333817853
-2.016365844955658
-2.3103606935113703
-2.132013107657656
-2.3159340555693007
-1.7990047246964878
-1.2709286697078142
-0.8529265153632082
-0.6968723777412151
-0.32624380088901717
-0.36525733529452964
0.017911306188011622
0.0917583534555888
0.22551904284586044
0.16421206020862655
-0.1520762365788073
-0.5408182401192789
-1.206835006041615
-1.9871056941515235
-2.6795959298490857
-3.3874129112058995
-3.8736887507600954
-4.366931292886761
-3.75943482857258
-3.6869811218195423
-3.8695087292166477
-4.135636767482708
-4.613552563950066
-5.016227972635363
-5.357596398683427
-4.01441614272278
-2.172419982577651
-1.3183022472001653
-0.7219525070019017
-0.4990180246848013
-0.24682339156356647
-0.39730416712762917
-0.3457505680917734
-0.2677234992808053
-0.6285986925316251
-1.197081622440237
-2.077672827592835
-3.018177674868184
-3.8123817681229184
-5.0900750199028835
-4.942380925367786
-5.208508963633847
-4.761246658485106
-5.027374696751167
-5.28932271347378
-5.073354933729092
-5.580530881000527
-6.192207366858099
-6.218680836633268
-4.74870659385482
-2.2546270729320668
-1.3475623980042997
-0.6467121192198988
-0.5380315590903137
-0.4056642102145247
-0.4502511066779107
-0.2955903095704002
-0.4836912790254928
-0.6634322053936899
-1.2556019240485057
-2.2211869005844846
-3.0167843343537015
-3.608954053008574
-4.0534296771282925
-4.463071788386003
-4.701333016362412
-4.528558792566628
-5.07753495527254
-5.503897152704042
-5.4774236829288725
-5.671098014441839
-6.084920147242997
-6.051479974895415
-4.385044719574978
-2.375847697691995
-1.556563475176631
-0.88079332565286
-0.69408569671225
-0.2189565812739147
-0.057329081593991305
-0.3819774214683207
-0.5449982616626698
-0.8654665799935515
-1.4562429581338847
-2.2184002195555195
-3.147758342715008
-4.298657607677114
-4.964674373599507
-5.771418531484585
-6.493168917986225
-6.827570641461875
-7.557681071050467
-7.188445834712752
-6.42628857329106
-6.121147000619544
-6.1671272375974695
-6.236794263321542
-4.235957284525455
-1.8617050478481474
-1.254208583534023
-1.0284874201879575
-0.4753312359385973
-0.6481054597343814
-0.17715636583943706
-0.5742584124668042
-0.4850846195399754
-0.9978339288693405
-1.6401639060455295
-2.3953544648947513
-3.4556865964155463
-4.713873080992755
-6.0277931861492675
-6.401208444030431
-6.518249047246911
-5.7324049970790725
-5.857805643382449
-5.990172992258238
-6.331541418306301
-6.35244152602354
-6.1434404488512655
-5.813218746919006
-3.7552548070291323
-1.0215207176155445
-0.13535615040501625
-0.06290244365192166
-0.1283894478326033
0.09733171551351916
-0.3833707619828033
-0.2328899864187406
-0.2579701156794272
-0.29001694751246987
-0.9518536918914151
-1.8909651986522817
-2.786883149464188
-3.5239602816251363
-4.326524417966766
-4.680432908645173
-4.741739891282407
-6.636682990977874
-6.50152896107312
-5.927472669106521
-5.662737971354943
-5.129088554308396
-4.755673296427233
-4.573145689030071
-2.991704205093015
-1.0772543381947912
-0.5282781754889356
-0.06708246519536942
-0.12560276680363813
0.36903311583745335
-0.19108977098426294
-0.231496645904258
-0.43074433947515445
-0.8947267307976858
-0.8696466015369992
-1.0326674417314052
-1.4659963417352628
-1.8352315780729782
-1.8784251340219384
-2.314540715054818
-2.5374751973719185
-2.2992139693955096
-2.682382610878051
-3.034897761041975
-3.1965252607218986
-3.216032027924655
-3.236932135641837
-3.21881870895362
-2.406501189010612
-1.7376977420592539
-1.0786476787092738
-0.9504603513769325
-0.12142274526019037
0.16421206020862655
0.30493945217131113
0.8580956364206713
0.5529540637490982
-0.41959761535929374
-0.4725445549096321
-0.7860461706681008
-1.230521794787819
-1.5036165356262927
-1.7725312549213186
-2.087426211194213
-2.3382275038009652
-2.30478733145344
-2.538868537886401
-2.531901835313988
-2.81474995975384
-3.1352182780846647
-3.093418062650244
-3.259225583873558
-2.22397358161345
-1.8603117073336648
-1.298795479997466
-0.6829389725963892
-0.44467774461998033
-0.1060959996008819
0.0443847759631808
0.20322559461413903
0.4609935897933042
0.3230528788595848
-0.09634261599950378
-1.145528023404438
-2.2992139693955096
-3.0739112954474876
-4.00884278066485
-5.0663882311566795
-5.4467701916102556
-3.976795948831807
-3.9963027160345064
-4.085476508961392
-4.086869849475875
-3.969829246259394
-4.047856315070362
-3.861148686129809
-2.165453280005238
-0.16740298223805894
0.5766408524953022
0.86645567950751
0.781461908124129
0.7522017573199946
1.0322632007308812
1.0266898386729508
1.1590571875487399
0.8776024036233707
0.22551904284586044
-0.4976246841703187
-1.3057621825698789
-2.141766491259034
-3.1324315970556995
-3.2452921787287323
-3.6995211864498856
-4.259644073271602
-4.993934524403642
-4.729199826652064
-4.506265344334906
-4.3488178661984875
-4.262430754300567
-4.327917758481249
-2.6809892703635683
0.41919337435882653
0.8121153994427459
0.8371955287034325
0.9793162611805997
1.4154318422134224
1.145123782403914
1.2245441917294215
1.2997845795114245
1.1938907004108046
0.7842485891530941
-0.09494927548502119
-1.162248109578229
-1.8310515565295304
-2.919250498339977
-3.54207370831341
-4.135636767482708
-4.8518137919264746
-4.892220666846413
-4.575932370059036
-4.520198749479732
-4.446351702212212
-4.1453901510840865
-3.9990893970634716
-2.045625995759792
0.8344088476744673
1.138157079831501
1.199464062468735
0.9542361319199131
0.8929291492826792
0.6031143222704713
0.43034009847468724
0.247812491077525
0.1948655515272435
-0.028068930789913793
-0.5603250073219783
-1.0466008468762311
-1.6568839922193206
-1.8853918365943514
-2.3507675684313085
-2.446908063930607
-2.297820628881027
-1.9592388838618717
-1.9160453279129683
-2.290853926308614
-2.033085931129449
-1.8477716427033215
-1.7140109533130499
-1.074467657165826
-0.9699671185796888
0.28125266342510713
-0.4335310205041196
-0.4516444471923933
-0.27469020185321824
-0.7902261922115486
-0.9003000928556162
-0.965787097036241
-1.0549608899630698
-1.3475623980042997
-1.499436514082845
-1.5370567079738748
-1.6192637983282907
-1.7599911902909753
-1.747451125660632
-1.917438668427451
-2.0135791639266927
-1.9397321166591723
-1.7655645523489056
-1.5649235182634698
-1.567710199292435
-1.6708173973641465
-1.672210737878629
-1.5802502639227782
-1.553776794147666
-1.1204478941437515
-0.935133605717624
-1.0145540150431316
-1.1511013854623684
-1.0661076140789305
-1.0619275925354827
-0.9741471401231365
-1.0270940796734749
-1.5412367295173226
-1.4088693806415336
-1.1413480018609903
-1.0340607822458878
-0.9797205021810669
-0.9365269462321066
-0.9755404806376191
-1.3712491867505037
-1.4506695960759544
-1.5119765787131882
-1.3949359754967077
-1.5245166433435315
-1.5955770095820867
-1.624837160386221
-1.2082283465560977
-0.5895851581261127
-0.323457119860052
-0.3931241455841814
-0.37779739992487293
-0.1952697925277107
-0.3443572275772908
-0.2969836500848828
-0.3694373568379774
-0.8111262999287305
-1.1399546613465077
-1.870065090935043
-2.4873149388505453
-3.178411834033625
-3.790088319891197
-4.594045796747309
-5.437016808008877
-4.024169526324158
-4.235957284525455
-4.189977047547529
-4.079903146903462
-3.854181983557396
-3.624280798667826
-3.6019873504361613
-2.3981411459237165
-1.2946154584540182
-0.7372792526612102
-0.3791907404393555
0.10429841808587526
-0.21059653818701918
-0.03503563336226989
-0.016922206674053086
-0.23567666744770577
-0.6313853735605903
-1.1093011700278907
-2.182173366179029
-2.1710266420631683
-2.961050713774455
-3.386019570691417
-4.081296487417944
-4.4407783401542815
-4.93402088228089
-4.60519252086317
-4.070149763302084
-3.4542932559010637
-3.28709239416321
-3.21881870895362
-3.3609394414307303
-2.356340930489239
-1.4116560616704987
-1.0215207176155445
-0.6815456320819067
-0.4822979385110102
0.22273236181689526
0.4317334389891698
0.295186068569933
0.46378027082226936
-0.4516444471923933
-1.0939744243685823
-1.9940723967239364
-2.821716662326253
-3.756648147543615
-4.4170915514080775
-4.70551303790586
-4.35021120671297
-5.216869006720742
-4.843453748839579
-4.315377693850905
-3.752468126000167
-3.6591143115298905
-4.078509806388979
-4.638632693210695
-4.1927637285764945
-2.41625457261199
-0.9950472478403753
0.1112651206582882
0.5250872534594464
0.5752475119808196
0.5473807016911678
0.3648530942940056
-0.06708246519536942
-0.22452994333184506
-0.7456392957481057
-1.6958975266247762
-3.1965252607218986
-4.010236121179332
-4.489545258161172
-4.949347627940199
-4.520198749479732
-7.01149158937352
-5.654377928268104
-4.803046873919584
-4.738953210253442
-4.4644651289004855
-4.2610374137860845
-4.800260192890619
-4.024169526324158
-2.7046760591097723
-1.5872169664951912
-0.8125196404432131
-0.6815456320819067
-0.4363177015330848
-0.5240981539454879
-0.41959761535929374
-0.7804728086101704
-0.9393136272610718
-1.5732835613503653
-2.732542869399367
-3.8291018542967095
-4.908940753020204
-6.104426914445753
-6.34686816396561
-6.571195986797193
-7.082551955612075
-7.408593636000887
-7.097878701271384
-7.274832946610616
-7.153612321850687
-6.82478396043291
-7.042145080692137
-6.286954521842915
-4.213663836293733
-2.4287946372423335
-1.5997570311255345
-1.244455199932645
-1.461816320191815
-1.3656758246925733
-1.3921492944677425
-1.7321243800013235
-2.2393003272727583
-2.9122837957675642
-4.160716896743395
-5.365956441770322
-7.047718442750067
-7.991009971054325
-8.825620939229054
-9.540404623158281
-8.028630164945355
-8.218124474914873
-7.854462600635088
-7.607841329571784
-7.220492666545795
-6.640863012521322
-6.030579867178233
-5.110975127620122
-2.5876354558932917
-0.6773656105384589
0.13216522837552702
0.5014004647132424
0.3537063701782017
0.34813300812027137
0.22691238336028619
0.10847843962932302
-0.1520762365788073
-1.1789681957520202
-2.713036102196668
-3.762221509601545
-4.550852240798349
-4.833700365238201
-4.638632693210695
-4.318164374879871
-3.9001622205352646
-3.926635690310434
-4.106376616678631
-4.248497349155798
-4.196943750119942
-4.397584784205321
-4.577325710573518
-4.273577478416428
-2.6099289041249563
-0.9560337134348629
-0.4990180246848013
-0.3359971844903953
-0.4056642102145247
-0.4948380031413535
-0.43213767998963704
-0.5296715160034182
-0.8793999851383774
-1.6749974189075942
-2.8231100028407354
-3.5476470703713403
-4.411518189350147
-4.628879309609374
-4.584292413145931
-4.849027110897509
-4.744526572311372
-5.074748274243575
-5.395216592574457
-6.207534112517408
-7.022638313489381
-7.442033808348469
-7.8363491739468145
-7.51588085561599
-5.498323790646111
-3.2884857346776926
-2.699102697051842
-2.4455147234161245
-2.1710266420631683
-2.042839314730827
-2.1055396378824867
-2.4455147234161245
-2.6628758436752946
-3.7608281690870626
-5.292109394502745
-6.56980264628271
-7.4894073858408206
-7.968716522822604
-7.8600359626930185
-7.330566567189862
-6.7857704260274545
-6.532182452391737
-6.101640233416788
-6.243760965893955
-6.56980264628271
-7.6524282260352265
-7.258112860436825
-6.668729822810974
-4.595439137261792
-2.2922472668230967
-0.9797205021810669
-0.3318171629469475
-0.21756324075943212
-0.23985668899115353
-0.20362983561460624
-0.40148418867107694
-0.7637527224363794
-1.9425187976881375
-3.634034182269204
-5.452343553668186
-8.624979905143618
-8.485645853695416
-7.573007816709776
-6.4666954482110555
-5.091468360417366
-4.984181140802264
-5.233589092894533
-5.241949135981429
-5.306042799647571
-5.5930709456308705
-5.069174912185645
-4.084083168446909
-2.2184002195555195
-0.6216319899592122
-0.10470265908639931
0.7006481582841957
0.21297897821551715
-0.17854970635391965
-0.323457119860052
-0.8055529378708002
-0.8389931102183823
-1.8268715349860827
-2.9359705845137682
-3.8876221559049213
-4.3320977800246965
-4.814193598035445
-4.552245581312832
-4.31259101282194
-4.617732585493513
-4.628879309609374
-4.704119697391377
-4.953527649483647
-5.108188446591157
-4.992541183889159
-5.273995967814471
-4.660926141442417
-2.706069399624255
-0.781866149124653
-0.32624380088901717
-0.32624380088901717
0.17814546535345244
-0.278870223396666
-0.595158520184043
-0.7400659336901754
-1.2834687343381574
-1.9397321166591723
-3.1463650022005254
-4.2164505173226985
-5.414723359777156
-5.965092862997551
-5.484390385501285
-4.970247735657438
-4.591259115718344
-5.21547566620626
-6.168520578111952
-6.770443680368146
-7.01149158937352
-6.479235512841399
-6.008286418946511
-4.8755005806726786
-2.495674981937441
-0.5895851581261127
-0.4335310205041196
-0.3318171629469475
-0.13256946937605107
-0.29141028802695246
-0.6132719468723167
-0.7219525070019017
-1.3183022472001653
-1.9759589700356628
-3.327499269083205
-4.446351702212212
-5.322762885821362
-5.816005427947971
-5.962306181968586
-5.686424760101147
-5.318582864277914
-5.052454826011854
-5.165315407684886
-5.0900750199028835
-5.172282110257299
-4.986967821831229
-4.929840860737443
-3.7705815526884408
-2.5277218137705404
-1.7697445738923534
-1.2583886050774709
-1.2193750706719584
-1.0187340365865794
-1.0424208253327834
-1.1984749629547196
-1.6136904362703604
-1.8881785176233166
-2.6795959298490857
-4.121703362337939
-5.572170837913632
-6.664549801267526
-6.936251201591517
-6.782983744998489
-6.126720362677474
-5.455130234697151
-5.694784803188043
-6.286954521842915
-6.585129391942019
-6.571195986797193
-6.695203292586086
-7.2650795630092375
-7.164759045966548
-5.455130234697151
-4.082689827932427
-3.3149592044528617
-2.8356500674710787
-2.4859215983360627
-2.3173273960837832
-2.4636281501043413
-2.7450829340297105
-3.39298627326383
-4.343244504140557
-5.420296721835086
-6.461122086153125
-7.660788269122122
-8.832587641801467
-9.727112252098891
-9.685312036664413
-8.308691608356241
-8.422945530543757
-8.93987486141657
-9.01372190868409
-9.172562727335048
-9.330010205471524
-9.473524278463174
-8.778247361736646
-6.215894155604303
-4.855993813469922
-3.8764754317890606
-3.565760497059614
-2.954084011202042
-2.9415439465716986
-3.161691747859834
-3.7775482552608537
-4.223417219895111
-4.946560946911234
-6.0654133800402406
-7.330566567189862
-8.95102158553243
-9.597531584252067
-10.63557026754114
-10.075447380719368
-10.06569399711799
-9.74801235981613
-9.537617942129316
-9.575238136020346
-9.532044580071386
-9.74801235981613
-9.654658545345796
-8.597113094853967
-6.068200061069206
-4.847633770383027
-4.390618081632908
-4.045069634041397
-3.7510747854856845
-3.5978073288927135
-4.0227761858096756
-4.375291335973657
-4.946560946911234
-5.747731742738381
-6.704956676187464
-7.84470921703371
-9.127975830871605
-9.874806346633989
-10.309528587152329
-11.5273081968096
-11.4952613649765
-11.4311677013103
-11.12323944760982
-11.163646322529758
-11.464607873657883
-11.21380658105113
-10.851538047285828
-9.46655757589076
-6.4151418491752565
-4.71665976202172
-3.677227738218164
-3.551827091914788
-3.4515065748720986
-3.4988801523644497
-3.6619009925588557
-4.0060560996358845
-4.591259115718344
-5.499717131160594
-6.5586559221668495
-7.807089023142737
-9.023475292285468
-9.87062632509054
-10.330428694869568
-9.415003976854905
-8.998395163024782
-9.525077877498973
-9.722932230555443
-10.061513975574542
-10.287235138920607
-10.61327681930942
-10.68155050451901
-9.600318265281032
-6.725856783904703
-5.102615084533227
-4.337671142082627
-4.107769957193113
-3.608954053008574
-3.6312475012402388
-3.705094548507816
-4.132850086453743
-4.613552563950066
-5.679458057528734
-6.859617473294975
-7.908802880699909
-9.646298502258901
-10.172981216733092
-9.891526432807723
-9.458197532803865
-9.373203761420427
-8.691860249838783
-8.618013202571206
-9.105682382639941
-9.299356714152907
-9.30075005466739
-9.309110097754285
-8.605473137940862
-6.547509198051046
-5.1304818948228785
-4.210877155264768
-4.2610374137860845
-4.379471357517048
-4.4003714652342865
-4.585685753660414
-4.861567175527853
-5.273995967814471
-6.1810606427422385
-7.284586330211994
-8.211157772342517
-9.271489903863255
-10.218961453711017
-11.481327959831674
-11.950883713212079
-11.258393477514574
-10.845964685227898
-10.822277896481694
-10.815311193909281
-10.886371560147893
-10.689910547605905
-10.781871021561699
-9.936113329271166
-7.549321027963572
-6.217287496118786
-5.462096937269564
-5.095648381960814
-4.437991659125316
-4.242923987097868
-4.247104008641315
-4.734773188709994
-5.234982433409016
-6.288347862357398
-7.66496829066557
-8.881354559808301
-9.849726217373302
-10.397309039564675
-10.454436000658461
-10.026680462712477
-9.49303104566593
-9.937506669785648
-10.40009572059364
-10.669010439888666
-10.496236216092939
-10.740070806127278
-10.943498521241622
-10.064300656603507
-8.640306650802927
-7.37236678262434
-6.952971287765251
-6.4834155343848465
-5.924685988077556
-5.977632927627894
-6.139260427307818
-6.509889004160016
-7.089518658184488
-7.786188915425498
-9.247803115117051
-10.38894899647778
-11.502228067548913
-12.161278130898893
-12.470599725113857
-12.43437287173731
-11.711229144721187
-11.911870178806623
-11.868676622857663
-11.897936773661797
-11.932770286523805
-11.907690157263175
-11.2723268826594
-10.433535892941222
-7.953389777163352
-6.234007582292577
-5.260062562669702
-4.4714318314728985
-3.8945888584773343
-3.731568018282985
-3.5713338591175443
-3.440359850756238
-3.8973755395062994
-4.751493274883785
-6.045906612837484
-7.064438528923802
-7.823809109316528
-8.073217061408798
-8.03699020803225
-7.906016199670944
-7.2009858993430385
-7.11738546847414
-7.036571718634207
-7.118778808988623
-7.290159692269924
-7.397446911885027
-7.4155603385733
-6.618569564289601
-4.694366313789999
-2.984737502520602
-2.132013107657656
-1.4283761478442898
-1.2360951568457494
-1.291828777425053
-1.3614958031491255
-1.3057621825698789
-1.6359838845020818
-2.7478696150586757
-4.0534296771282925
-5.271209286785563
-6.012466440489959
-6.423501892262152
-6.71889008133229
-6.709136697730912
-6.157373853996091
-6.261874392582229
-6.044513272323002
-6.052873315409897
-6.051479974895415
-6.126720362677474
-6.179667302227756
-5.643231204152244
-3.32471258805424
-1.5704968803214001
-0.4948380031413535
-0.4711512143951495
-0.6397454166474859
-0.9156268385149247
-0.9922605668114102
-0.9365269462321066
-1.1413480018609903
-2.203073473896268
-3.804021725036023
-4.989754502860194
-5.577744199971562
-5.955339479396173
-6.05426665592438
-5.675278035985286
-5.097041722475296
-5.310222821191019
-5.358989739197909
-5.467670299327494
-5.3854632089730785
-5.3854632089730785
-5.637657842094313
-5.339482971995153
-3.457079936930029
-2.084639530165248
-1.4283761478442898
-1.0605342520210002
-1.0925810838540997
-1.1106945105423733
-1.4841097684235365
-2.1264397455997255
-2.774343084833845
-3.613134074551965
-4.734773188709994
-5.570777497399149
-5.828545492578314
-6.546115857536563
-7.044931761721102
-7.1327122141334485
-6.550295879080011
-6.652009736637183
-6.982231438569386
-7.468507278123582
-7.658001588093157
-7.9547831176778345
-8.516299345014033
-7.918556264301287
-6.047299953351967
-4.702726356876894
-4.103589935649666
-3.8764754317890606
-3.724601315710572
-3.7064878890222985
-4.130063405424778
-4.646992736297591
-4.546672219254901
-4.63584601218173
-6.022219824091337
-7.056078485836963
-8.250171306747973
-9.073635550806841
-10.301168544065433
-10.811131172365833
-11.219379943109061
-11.608121946649533
-11.571895093272985
-11.386580804846915
-11.440921084911679
-11.729342571409461
-11.870069963372146
-10.89891162477818
-7.748568721534468
-5.856412302867966
-5.02876803726565
-4.443565021183247
-3.7204212941671244
-3.592233966834783
-3.7343546993119503
-3.943355776484225
-4.3320977800246965
-5.342269653024118
-6.631109628919944
-7.878149389381292
-8.772673999678716
-9.219936304827456
-9.387137166565253
-9.353696994217728
-8.775460680707681
-8.792180766881472
-8.705793654983609
-8.605473137940862
-8.592933073310576
-8.445238978775478
-8.553919538905063
-8.443845638260996
-7.1731190890534435
-6.403995125059396
-6.266054414125676
-5.866165686469344
-5.594464286145353
-5.8410855572086575
-5.967879544026516
-6.512675685188981
-7.131318873618966
-7.885116091953705
-8.293364862696933
-9.070848869777876
-9.814892704511237
-10.954645245357483
-11.695902399061879
-12.490106492316613
-13.320537438947895
-14.028354420304709
-14.231782135419053
-14.365542824809324
-14.627490841531937
-14.814198470472547
-15.117946702629638
-14.408736380758285
-11.424200998737888
-9.746619019301647
-9.221329645341939
-9.029048654343399
-8.782427383280094
-8.80193415048285
-8.994215141481334
-9.26312986077636
-10.117247596153845
-11.174793046645618
-12.104151169805107
-12.909501987175702
-13.111536361775563
-13.590845498757346
-14.060401252137808
-14.146788364035672
-13.808206619016573
-13.781733149241404
-13.72042616660417
-13.5671587100112
-14.021387717732296
-14.164901790723945
-13.767799744096578
-12.722794358235092
-9.990453609335987
-8.631946607716031
-8.296151543725898
-8.002156695170186
-8.081577104495693
-8.208371091313552
-8.257138009320386
-8.59850643536845
-9.190676154023322
-10.281661776862677
-10.956038585871966
-11.152499598413954
-11.544028282983334
-11.896543433147315
-12.187751600674005
-12.761807892640604
-11.974570501958283
-12.32847899263669
-12.57788694472896
-12.505433237975922
-12.540266750837986
-12.608540436047576
-12.189144941188488
-11.337813886840024
-8.793574107395955
-6.801097171686763
-6.05426665592438
-5.61954441540604
-5.526190600935763
-5.384069868458596
-5.377103165886183
-5.350629696111014
-5.764451828912172
-6.703563335672982
-8.013303419286046
-8.771280659164233
-9.363450377819106
-9.806532661424342
-9.944473372358061
-10.259368328631012
-9.633758437628558
-9.350910313188763
-9.081995593893737
-8.999788503539264
-8.83398098231595
-8.786607404823542
-8.946841563988983
-8.42991223311617
-6.965511352395595
-5.902392539845891
-5.7728118719990675
-5.969272884540999
-5.8243654710348665
-6.009679759460994
-6.254907690009816
-6.68126988744126
-7.705375165585508
-8.24877796623349
-9.249196455631534
-10.131181001298671
-10.9212050730099
-11.521734834751669
-11.583041817388846
-11.541241601954425
-11.971783820929318
-11.833843109995598
-11.34060056786899
-11.276506904202847
-11.436741063368231
-11.771142786843939
-12.459453000997996
-11.81851636433629
-9.754979062388486
-8.938481520902087
-8.69604027138223
-8.895287964953127
-8.209764431828035
-8.066250358836385
-8.124770660444597
-9.015115249198573
-9.139122554987466
-9.800959299366411
-10.454436000658461
-10.650897013200392
-11.854743217712837
-12.448306276882136
-13.771979765640026
-14.638637565647798
-14.814198470472547
-15.855023834790586
-16.493173790423327
-16.901422561166555
-16.757908488174905
-16.433260148300576
-16.123938554085612
-14.773791595552552
-11.550994985555747
-9.654658545345796
-9.228296347914352
-8.7225137411574
-9.193462835052287
-9.299356714152907
-9.548764666245177
-9.788419234736068
-10.156261130559301
-10.871044814488585
-12.129231299065793
-13.177023365956245
-13.830500067248295
-14.509056897800974
-15.161140258578541
-15.632089352473486
-15.110980000057225
-16.154592045404172
-17.007316440267175
-16.677094738334915
-16.631114501357047
-15.74076991260307
-15.048279676905508
-14.339069355034212
-11.599761903562637
-10.368048888760597
-9.924966605155305
-9.745225678787165
-9.833006131199511
-9.668591950490622
-10.113067574610398
-10.174374557247575
-10.436322573970187
-11.183153089732514
-12.336839035723585
-13.27455720196997
-14.032534441848156
-14.398982997156907
-14.474223384938966
-14.481190087511322
-15.162533599093024
-15.669709546364459
-15.76027667980577
-16.160165407462102
-15.790930171124387
-15.626515990415555
-15.07057312513723
-14.155148407122567
-11.55796168812816
-8.918974753699331
-7.904622859156461
-7.8224157688020455
-7.554894390021502
-7.442033808348469
-7.77086216976619
-8.071823720894315
-8.340738440189284
-9.668591950490622
-11.397727528962776
-12.406506061447715
-13.059982762739764
-13.282917245056865
-13.232756986535492
-13.112929702290046
-12.850981685567433
-13.38602444312852
-13.486344960171209
-13.32332411997686
-13.682805972713197
-13.562978688467751
-13.91270715760271
-13.103176318688668
-10.812524512880316
-7.869789346294397
-6.863797494838423
-6.85683079226601
-6.922317796446691
-6.955757968794217
-7.239999433748551
-7.455967213493238
-7.946423074590939
-9.289603330551529
-10.883584879118928
-12.256025285883652
-13.097602956630737
-13.455691468852649
-13.721819507118653
-13.929427243776502
-12.95548222415357
-13.151943236695558
-13.64657911933665
-13.586665477213955
-13.908527136059263
-13.936393946348915
-13.444544744736788
-12.537480069809021
-9.863659622518128
-7.651034885520744
-7.113205446930692
-6.8777308999832485
-6.401208444030431
-6.773230361397111
-6.79970383117228
-6.842897387121184
-7.790368936968946
-9.433117403543179
-10.91005834889404
-11.223559964652509
-11.64434880002608
-12.060957613856147
-12.258811966912617
-12.229551816108483
-11.525914856295117
-11.889576730574902
-12.427406169164954
-12.541660091352469
-12.602967073989646
-12.335445695209103
-12.12783795855131
-11.64434880002608
-9.345336951130832
-6.593489435028914
-6.218680836633268
-6.277201138241537
-6.020826483576855
-6.224254198691199
-6.660369779724078
-7.007311567830072
-7.347286653363653
-8.580393008680232
-10.327642013840602
-11.44649444696961
-12.102757829290624
-13.06834280582666
-13.419464615476102
-14.27915571291146
-13.305210693288586
-13.778946468212439
-13.67862595116975
-13.759439701009683
-13.918280519660641
-13.377664400041624
-13.08784957302936
-12.088824424145798
-9.60449828682448
-7.943636393561974
-7.708161846614473
-7.355646696450549
-7.153612321850687
-7.2246726880892425
-7.368186761080892
-8.03141684597432
-8.637519969773962
-9.905459837952549
-11.014558887480234
-12.582066966272407
-11.977357182987248
-11.857529898741802
-10.784657702590664
-10.198061345993779
-11.298800352434512
-11.415840955650992
-11.822696385879738
-11.528701537324082
-11.974570501958283
-12.12226459649338
-11.85613655822732
-11.305767055006925
-8.627766586172584
-6.855437451751527
-6.493168917986225
-6.546115857536563
-6.162947216054022
-6.5377558144496675
-6.766263658824698
-6.848470749179114
-7.450393851435308
-8.892501283924162
-10.402882401622605
-11.169219684587688
-11.914656859835588
-12.735334422865435
-13.781733149241404
-13.039082655022526
-11.71262248523567
-11.514768132179256
-11.371254059187606
-11.697295739576361
-11.743275976554287
-11.751636019641182
-11.013165546965752
-9.901279816409101
-7.503340790985646
-4.8114069170064795
-4.018596164266228
-3.9879426729476677
-4.096623233077253
-4.326524417966766
-4.546672219254901
-4.8587804944988875
-5.5456973681384625
-7.014278270402485
-8.459172383920304
-9.545977985216211
-10.029467143741442
-10.051760591973164
-10.018320419625582
-10.444682617057083
-10.090774126378676
-9.650478523802349
-9.303536735696355
-9.031835335372364
-8.618013202571206
-8.473105789065073
-8.38671867716721
-7.722095251759299
-5.9330460311644515
-4.248497349155798
-3.766401531144993
-3.6214941176388606
-3.9099156041366427
-4.337671142082627
-4.510445365878354
-4.8518137919264746
-5.310222821191019
-6.56980264628271
-7.570221135680811
-8.395078720254105
-8.803327490997333
-8.729480443729756
-8.9134013916414
-8.737840486816651
-9.054128783604085
-9.139122554987466
-8.893894624438644
-9.215756283284009
-9.278456606435668
-9.086175615437185
-9.122402468813675
-8.580393008680232
-7.11738546847414
-5.785351936629354
-5.551270730196393
-5.632084480036383
-5.806252044346593
-6.221467517662234
-6.342688142422162
-6.572589327311675
-7.131318873618966
-7.933883009960596
-8.495399237296795
-9.172562727335048
-9.780059191649173
-10.192487983935848
-10.267728371717851
-11.167826344073205
-11.130206150182232
-11.135779512240163
-11.438134403882714
-11.665248907743319
-11.592795200990224
-11.502228067548913
-11.668035588772227
-11.322487141180716
-9.405250593253527
-7.210739282944417
-6.957151309308699
-7.182872472654822
-7.230246050147173
-7.327779886160897
-7.7513554025634335
-8.166570875879074
-8.806114172026298
-9.930539967213235
-10.857111409343759
-11.492474683947535
-12.08464440260235
-12.07349767848649
-12.41486610453461
-12.754841190068191
-12.459453000997996
-12.98752905598667
-13.083669551485912
-12.973595650841844
-13.08784957302936
-13.409711231874724
-14.085481381398495
-13.831893407762777
-11.87285664440111
-10.075447380719368
-9.7103921659251
-9.612858329911376
-9.636545118657523
-9.87062632509054
-9.945866712872544
-10.181341259819987
-10.820884555967211
-11.481327959831674
-12.597393711931716
-13.287097266600313
-14.05064786853643
-14.407343040243802
-14.396196316127941
-14.546677091692004
-13.282917245056865
-13.223003602934114
-12.814754832190943
-12.569526901642064
-12.295038820289165
-12.384212613215993
-12.551413474953847
-12.424619488135988
-10.69269722863487
-8.326805035044515
-7.6524282260352265
-7.5437476659056415
-7.3570400369650315
-7.430887084232609
-7.765288807708259
-8.060676996778454
-8.477285810608521
-9.835792812228476
-10.940711840212657
-11.975963842472765
-12.69492754794544
-12.937368797465354
-13.018182547305287
-13.015395866276322
-12.979169012899774
-12.874668474313637
-12.898355263059841
-13.046049357594939
-12.934582116436388
-12.25463194536917
-11.846383174625942
-11.018738909023682
-9.275669925406703
-7.7025884845566
-7.11738546847414
-7.170332408024478
-7.106238744358279
-7.37236678262434
-7.642674842433848
-8.258531349834868
-9.134942533444018
-10.213388091653087
-11.241673391340782
-11.870069963372146
-12.456666319969031
-12.873275133799154
-13.121289745376941
-13.426431318048515
-13.932213924805467
-14.286122415483874
-14.595444009698895
-14.390622954070011
-14.155148407122567
-13.777553127697956
-13.331684163063755
-12.765987914184052
-10.522709685868051
-8.481465832151969
-7.617594713173162
-7.287373011240959
-7.593907924426958
-7.788975596454463
-8.02027012185846
-8.390898698710657
-9.27984994695015
-10.571476603874942
-11.740489295525322
-12.534693388780056
-12.94990886209564
-13.218823581390666
-13.086456232514877
-12.853768366596398
-13.592238839271829
-13.64100575727872
-13.957294054066153
-14.468650022881036
-14.659537673365037
-14.81559181098703
-15.136060129317855
-14.630277522560903
-11.939736989096218
-9.782845872678138
-8.657026736976718
-8.470319108036165
-8.512119323470586
-8.551132857876098
-8.726693762700847
-8.937088180387605
-9.685312036664413
-11.109306042464993
-12.505433237975922
-13.54625860229396
-14.059007911623326
-14.16768847175291
-13.925247222233054
-13.680019291684232
-13.624285671104928
-13.731572890720031
-13.958687394580636
-14.315382566288008
-14.387836273041046
-14.37390286789622
-14.173261833810841
-13.90713379554478
-12.614113798105507
-11.09119261577672
-10.511562961752247
-10.636963608055623
-10.820884555967211
-10.875224836032032
-11.156679619957345
-12.097184467232694
-12.129231299065793
-11.900723454690763
-12.572313582671029
-12.821721534763299
-12.899748603574324
-13.183990068528658
-13.792879873357265
-13.777553127697956
-14.123101575289468
-14.624704160502972
-15.509475387199018
-15.76027667980577
-16.45137357498885
-16.601854350552912
-16.92371600939822
-16.390066592351673
-15.23080728430267
-13.61453228750355
-12.672634099713775
-12.306185544405025
-11.82966308845215
-12.336839035723585
-12.426012828650471
-12.421832807107023
-12.782708000357843
-13.140796512579698
-13.547651942808443
-13.960080735095119
-14.3321026524618
-14.897798901341446
-15.306047672084674
-15.509475387199018
-16.753728466631458
-17.11042363833883
-18.059288528701046
-18.591544605233167
-18.424343743495314
-17.935281222912153
-18.193049218091318
-17.749966934486054
-16.341299674344782
-14.482583428025805
-13.277343882998935
-12.88720853894398
-12.42043946659254
-12.607147095533094
-12.852375026081916
-12.69492754794544
-13.404137869816793
-13.820746683646917
-14.645604268220211
-15.264247456650196
-16.46809366116264
-16.867982388818973
-17.256724392359445
-16.948796138658906
-17.294344586250446
-17.458758766959306
-17.91716779622388
-18.14706898111342
-17.78480044734809
-17.99240818400591
-18.017488313266597
-17.914381115194914
-16.293926096852374
-14.619130798445042
-13.732966231234514
-13.14218985309418
-12.831474918364677
-12.940155478494319
-13.28570392608583
-13.392991145700933
-13.618712309046998
-14.378082889439668
-16.225652411642784
-16.640867884958425
-17.6468597364144
-17.600879499436473
-18.046748464070703
-17.67333320618954
-17.258117732873927
-17.008709780781658
-16.78020193640657
-16.576774221292226
-16.502927174024705
-16.70635488913905
-16.88748915602173
-16.927896030941668
-15.462101809706667
-14.80444508687117
-14.424063126417593
-13.080882870456946
-12.674027440228258
-12.880241836371567
-13.14776321515211
-13.918280519660641
-15.197367111955089
-15.882890645080238
-15.817403640899556
-16.75512180714594
-17.79037380940602
-17.81684727918119
-17.538179176284785
-17.170337280461553
-16.70078152708112
-16.979449629977523
-16.8819157939638
-17.276231159562172
-16.6589813116467
-16.463913639619193
-15.991571205209823
-15.991571205209823
-15.292114266939848
-14.588477307126482
-14.195555282042562
-13.837466769820708
-13.553225304866373
-13.656332502938028
-13.908527136059263
-13.982374183326783
-14.691584505198136
-15.998537907782236
-17.075590125476765
-17.507525684966197
-17.914381115194914
-18.248782838670593
-18.579004540602824
-18.99003999237499
-19.18650100491695
-19.78285074511524
-20.322073524219775
-22.044242400119487
-23.404142742253896
-24.91034383840889
-24.461688192745697
-23.31636228984152
-21.708447336129325
-20.065698869555092
-17.49219893930689
-15.679462929965837
-14.688797824169171
-14.192768601013597
-14.458896639279658
-14.978612651181436
-16.604641031581878
-18.1623957267727
-19.349521845111354
-19.966771693026857
-20.387560528400428
-20.631395118434767
-20.922603285961486
-21.10513089335862
-20.163232705568817
-20.00160520588892
-19.668596822927725
-19.636549991094626
-19.748017232253204
-19.838584365694516
-19.562702943827105
-19.264528073727945
-18.553924411342138
-16.82896885441346
-14.34324937657766
-13.278737223513417
-13.071129486855625
-12.991709077530118
-13.153336577210041
-13.699526058886988
-14.885258836711103
-16.682668100392846
-18.392296911662243
-19.36902861231411
-19.761950637398
-19.837191025180033
-20.337400269879055
-21.236104901719926
-21.028497165062134
-21.73352746539001
-22.426017701087545
-22.830086450287297
-22.940160350931393
-23.01818741974239
-23.083674423923014
-22.42880438211651
-20.96301016088148
-18.875786070187473
-16.14901868334624
-14.910338965971789
-14.44914325567828
-14.274975691368013
-14.326529290403869
-14.917305668544202
-16.19081889878072
-18.32123654542366
-20.177166110713642
-21.401912422943298
-22.165463024879415
-22.49289804578268
-22.33823724867517
-22.282503628095895
-21.627633586289363
-20.999237014258
-20.042012080808888
-19.254774690126567
-18.71973193256551
-18.159609045743764
-17.577192710690298
-16.879129112934834
-15.967884416463619
-15.197367111955089
-13.03629597399356
-11.960637096813457
-11.396334188448293
-11.190119792304927
-11.34060056786899
-11.942523670125183
-13.207676857274805
-15.031559590731717
-16.88330913447828
-17.83356736535498
-18.206982623236144
-18.154035683685834
-17.999374886578323
-17.840534067927365
-17.8697942187315
-17.95060796857146
-17.993801524520393
-18.121988851852734
-18.176329131917527
-18.176329131917527
-17.868400878217017
-17.75832697757295
-17.075590125476765
-15.868957239935412
-13.636825735735272
-11.93555696755277
-10.99087209873403
-10.80416446979342
-10.937925159183692
-11.57468177430195
-13.10456965920315
-15.424481615815637
-17.160583896860174
-18.144282300084456
-18.37418348497397
-18.15821570522928
-17.669153184646092
-17.042149953129183
-16.01107797241258
-15.665529524821011
-15.378501378837768
-15.264247456650196
-15.258674094592266
-15.191793749897158
-15.21966056018681
-14.940992457290406
-14.153755066608085
-13.029329271421147
-11.429774360795818
-10.351328802586806
-9.770305808047794
-9.757765743417451
-10.046187229915233
-10.74146414664176
-12.112511212892002
-13.85836687753789
-15.346454547004669
-16.410966700068855
-16.89863588013759
-17.076983465991248
-18.154035683685834
-19.107080595591498
-19.578029689486385
-22.08743595606842
-21.82827462037477
-21.563539922623193
-21.715414038701738
-22.033095676003626
-21.942528542562286
-21.30159190590058
-19.715970400420105
-17.326391418083517
-14.736171401661522
-12.618293819648954
-11.666642248257745
-11.438134403882714
-11.411660934107545
-11.963423777842422
-13.241117029622387
-15.347847887519151
-16.95018947917339
-17.92274115828181
-18.05092848561415
-18.07740195538932
-17.9394612444556
-17.65661312001575
-16.9892030135789
-16.77602191486318
-16.534974005857748
-16.37752652772133
-16.208932325468993
-16.03058473961528
-16.052878187847
-15.802076895240248
-15.710116421284454
-15.003692780442066
-13.345617568208525
-11.778109489416352
-10.971365331531274
-11.13995953378361
-11.513374791664774
-12.12226459649338
-13.696739377858023
-16.110005148940786
-17.744393572428123
-19.105687255077015
-20.068485550584057
-20.27051992518392
-20.225933028720505
-20.13815257630813
-19.497215939646424
-19.95701830942548
-20.798595980172593
-20.981123587569726
-21.050790613293827
-21.378225634197094
-21.247251625835787
-20.767942488854004
-19.164207556685255
-16.84429560007277
-14.10777482963016
-12.423226147621506
-11.516161472693739
-11.542634942468851
-11.839416472053529
-12.428799509679436
-13.89598707142892
-15.845270451189208
-17.35565156888765
-18.26271624381542
-18.861852665042647
-19.355095207169285
-19.60728984029052
-19.759163956369036
-19.23108790138039
-19.605896499776037
-19.757770615854554
-20.071272231613023
-20.400100593030743
-20.662048609753356
-20.961616820367
-21.481332832268777
-20.238473093350848
-17.96175469268732
-16.188032217751754
-14.52856366500373
-13.420857955990584
-13.250870413223765
-13.287097266600313
-13.518391792004309
-14.60937741484372
-16.504320514539188
-18.110842127736873
-19.763343977912484
-21.245858285321304
-21.67918718532519
-21.415845828088095
-21.347572142878505
-21.351752164421953
-21.502232939985987
-21.64156699143419
-21.340605440306092
-20.716388889818177
-20.910063221331143
-20.635575139978215
-19.610076521319485
-18.21673600683752
-16.332939631257887
-14.327922630918351
-12.718614336691644
-11.964817118356905
-11.797616256619108
-11.868676622857663
-12.485926470773165
-13.840253450849673
-16.098858424824925
-17.772260382717775
-18.73087865668134
-18.833985854753024
-18.52466426053803
-18.27943632998921
-18.06068186921553
-17.26926445698976
-17.240004306185654
-16.965516224832697
-16.837328897500356
-16.682668100392846
-16.48342040682195
-16.560054135118435
-16.529400643799818
-16.089105041223547
-15.041312974333096
-13.09899629714522
-11.90490347623421
-10.981118715132652
-10.720564038924522
-10.760970913844517
-11.337813886840024
-12.679600802286188
-14.510450238315457
-16.24515917884554
-17.15361719428776
-17.46572546953172
-17.316638034482168
-17.042149953129183
-16.76487519074732
-16.58513426437912
-16.470880342191606
-16.320399566627543
-16.2242590711283
-16.125331894600095
-16.19081889878072
-16.167132110034515
-16.048698166303552
-15.51644208977143
-14.380869570468633
-12.46641970357041
-11.17061302510217
-10.66065039680177
-10.620243521881832
-10.733104103554865
-11.316913779122785
-12.791068043444739
-14.641424246676763
-16.36777314411995
-17.618992926124747
-18.149855662142386
-18.096908722592048
-17.776440404261223
-17.467118810046202
-16.769055212290766
-16.558660794603952
-16.52522062225637
-16.501533833510223
-16.486207087850914
-16.55308743254602
-16.433260148300576
-16.452766915503332
-15.945590968231897
-14.750104806806348
-12.516579962091782
-11.231920007739404
-10.284448457891642
-10.167407854675162
-10.260761669145495
-10.833424620597555
-12.230945156622965
-13.951720692008223
-15.35760127112053
-16.066811592991826
-16.17967217466486
-15.712903102313419
-15.04409965536206
-14.557823815807865
-14.929845733174545
-14.606590733814755
-15.037132952789648
-15.36874799523639
-15.530375494916257
-15.413334891699776
-15.025986228673787
-14.428243147961041
-13.503065046345
-12.2602053074271
-10.929565116096796
-10.1883079623924
-9.61007164888241
-9.63515177814304
-9.87898636817738
-10.508776280723282
-11.917443540864554
-13.650759140880098
-14.869932091051794
-15.675282908422389
-15.962311054405689
-15.868957239935412
-15.707329740255489
-15.378501378837768
-14.09384142448539
-13.622892330590446
-13.805419937987608
-14.138428320948776
-14.141215001977741
-14.488156790083735
-14.392016294584494
-14.942385797804889
-15.152780215491646
-14.047861187507465
-12.896961922545358
-12.354952462411859
-11.584435157903329
-11.71262248523567
-11.72376920935153
-12.030304122537586
-12.596000371417233
-13.631252373677341
-14.407343040243802
-14.19973530358601
-14.18858857947015
-13.994914247957126
-14.227602113875605
-14.89501222031248
-14.219242070788766
-14.184408557926702
-13.797059894900713
-14.06179459265229
-13.953114032522706
-13.730179550205548
-13.326110801005825
-12.707467612575783
-12.077677700029938
-10.850144706771346
-10.461402703230874
-10.354115483615772
-9.793992596793998
-9.614251670425858
-9.626791735056145
-9.578024817049311
-9.798172618337446
-9.936113329271166
-9.862266282003645
-9.931933307727718
-9.962586799046335
-9.846939536344337
-9.888739751778758
-9.93890001030013
-10.751217530243139
-10.521316345353569
-10.377802272361976
-10.317888630239224
-9.929146626698753
-9.803745980395377
-9.894313113836688
-10.011353717053169
-9.852512898402267
-9.516717834412077
-9.278456606435668
-9.037408697430294
-9.033228675886846
-9.520897855955525
-9.692278739236826
-9.940293350814613
-10.607703457251489
-11.439527744397196
-12.742301125437848
-13.979587502297818
-15.74076991260307
-17.171730620976035
-17.082556828049178
-16.58513426437912
-16.54194070843016
-16.306466161482717
-16.01107797241258
-16.062631571448378
-15.746343274661001
-15.499722003597697
-15.488575279481836
-15.321374417743982
-15.0649997630793
-13.904347114515815
-12.499859875917991
-11.312733757579338
-11.010378865936786
-10.603523435708041
-10.57565662541839
-10.869651473974102
-12.274138712571926
-13.636825735735272
-14.078514678826082
-14.092448083970908
-13.483558279142244
-12.959662245697018
-12.130624639580276
-11.399120869477258
-11.2082332189932
-10.015533738596616
-9.381563804507323
-8.788000745338024
-8.804720831511816
-9.023475292285468
-9.187889472994357
-9.316076800326698
-9.307716757239803
-8.811687534084228
-8.095510509640462
-7.51588085561599
-8.166570875879074
-8.10526389324184
-8.400652082312035
-9.137729214472984
-10.66065039680177
-12.034484144081034
-12.877455155342602
-12.962448926725983
-12.432979531222884
-11.70147576111981
-11.04242569776983
-10.85293138780031
-11.105126020921546
-11.103732680407063
-11.296013671405547
-11.523128175266152
-11.656888864656423
-11.897936773661797
-11.982930545045178
-12.137591342152689
-11.783682851474282
-10.816704534423764
-9.800959299366411
-9.121009128299193
-9.483277662064552
-9.586384860136206
-9.92775328618427
-10.578443306447355
-12.014977376878278
-13.850006834450994
-14.861572047964955
-14.95910588397868
-14.548070432206487
-13.876480304226163
-13.420857955990584
-13.57830543412706
-14.60937741484372
-14.897798901341446
-15.655776141219633
-15.822977002957487
-15.981817821608445
-16.2242590711283
-16.74397508303008
-16.710534910682497
-15.669709546364459
-13.593632179786312
-11.720982528322565
-11.491081343433052
-11.720982528322565
-12.219798432507105
-12.958268905182535
-13.804026597473126
-14.72084465600227
-16.050091506818035
-15.870350580449895
-14.529957005518213
-13.5351118781781
-13.09342293508729
-13.313570736375482
-13.872300282682716
-14.213668708730836
-14.283335734454909
-14.42266978590311
-14.470043363395519
-14.648390949249176
