1.1041081017974954
0.8668951297833025
0.8495519892459866
0.7992408143892703
0.513291241301484
1.1651113095641932
1.2269187838978572
0.9673668905348911
0.9323658960943654
0.8843775983725022
0.566875303321888
1.4707322861618395
1.1612376438413494
1.0910573248808086
1.0179076454566842
0.6543153722592083
1.0512100655053254
1.3021467174039556
1.3930908374725215
1.6054595748665634
1.2597516342751929
1.2290154664121882
1.1124551612987685
1.0366979200196984
0.6935768742450771
0.857706643512319
1.3871972245984434
1.1255958899126115
1.0226724249570975
0.9716867724207485
0.6180943043793153
1.9014822714677375
1.441804014371939
1.4246466939068367
0.9630134899415802
0.9085921825413219
0.580731465143461
1.710127359170936
1.8151350655043252
1.3843823861367677
1.403446351398168
1.3168978441264874
0.8054918782832537
2.09140724129593
3.721467166332051
1.6171491392352653
1.8357855044143132
1.4233116189042785
1.3433124025557286
1.3876099048766029
0.8136435635668576
0.5850141412001135
1.6379048197867143
1.9237309169164747
2.3000702344417805
2.4864121837865922
2.174564113723337
1.7427176709063126
1.6633043020547322
1.5921954038978394
1.0553788721665813
0.9662478296962563
1.1748945129312087
1.265679321315568
0.5753618295841226
1.1804344769711477
1.903243971969129
1.894424321133964
1.4430649520055234
1.4663214406538436
1.2978749338819167
0.9493768464045373
0.9412793244626737
1.2278333371853176
1.2908419476737147
1.3324354575265205
1.3957037928843603
1.4435895433714498
1.1615296711147116
1.061950005046753
1.0170848963090984
0.6511401698626693
1.4437455137503385
1.5284453895780552
1.1823346751235906
1.1459101645839969
1.077771902514868
0.6873820574033516
1.6420750923365968
1.7417809353845435
1.3344474230472152
1.3000043654641114
1.2292710191511185
0.7505321574404303
1.5940935800943896
1.7554370041545877
1.3248897991606015
1.3228916922031184
1.1291168067556887
0.7329192821191888
1.3941345573084432
1.5392086795825874
1.1186229649239574
1.0929808547361568
1.0377367570775438
0.6440268315209685
1.365912571937252
1.4665893572104038
1.4514057625143093
1.5606609984293087
1.21628322764823
1.1687114857317844
1.1066958982517465
0.6775190494909238
1.340044149121463
1.4689465546360587
1.114400725808654
1.0416085633130847
0.9876532356414213
0.6167137787141548
1.7230276063464796
1.7905115462653565
1.8407135551304212
1.8847280235094122
1.4619987771057068
1.2811870913326637
1.198433869096049
0.7458405236794783
1.532381755673484
1.6081616045754106
1.6636708250228178
1.7773941762229224
1.384721959683081
0.9432530572091379
1.065008884389647
1.318223729805695
1.3328356868267652
1.3973388120556187
1.0523116369027792
0.9337569384429912
0.6678130533081122
1.4792985008182578
1.5301465037174766
1.1856642376463722
1.0349381935636333
1.053662060866201
0.6345890049294276
0.6310816584978624
1.03774988663892
1.1512727593841152
1.242424960438993
0.9305268849155686
0.8375993501637667
0.8171442368386478
0.48629337627608155
1.3747327421638196
2.697319773082577
1.4544035625278595
0.820553656957866
0.9691123476652848
0.9949784365957453
1.084373950325597
0.7332801825886668
0.6652953091238405
0.6216124726789972
1.0090644052736022
1.1758065539540787
1.190368320368922
1.2816551758456614
0.968404364137284
0.8086325526820948
0.773880381364515
1.0728133266152724
1.2526125850352787
1.279006442274651
1.4268201612006186
1.0162843217323319
0.9202467461109839
0.8555651400880073
0.6705552314436485
1.4971908190791812
1.574664578195396
1.1227522898706175
0.8899817312697943
0.9450344434858208
1.557560791587664
1.992533918882783
1.9861663185728933
1.3490883118568138
1.156851749894744
1.2382018663194176
1.0776827343355975
2.1638461429794558
2.1980463082194572
1.5177876822451952
1.2065888438539047
1.2891299391321192
0.7470089829671085
1.0818769050915988
1.2427438106695123
1.3115330215169085
0.9814021777287781
0.7723468848723594
1.2981932433600378
1.4720035233440372
1.5328630022908563
1.1789903261718304
0.8392318791984368
0.4105479424224029
1.5032564899254806
1.7736099265450473
1.6101660454577644
1.7937652134765458
1.298965646702738
0.918238433358329
1.003305988783308
0.41414677970369895
2.073846987246711
1.7483544033241696
3.1706216787378234
2.729309235049713
2.0599327185185983
2.5782984278579155
1.118617632158769
0.478739581124166
2.678210425892147
2.3208570498618064
1.9197532307159377
2.984926404912505
1.380018472117265
1.0545704272431944
1.298652570122667
1.0739539395380069
1.497103603627323
1.3801148387379096
1.4727526102614479
0.9953056921267163
0.6796414466780913
0.7421112520803171
1.0222099456234062
1.8566754337548752
1.1911405281406937
1.034700639202229
0.9851639612380885
1.2131625929114829
1.4285722473308295
1.5962037281240296
1.032928762786965
0.8814592070180682
0.6205628503366083
1.095424532256509
1.1555223944343573
1.3058930656717926
0.8653819507053507
0.8538331910977082
0.8709041622134187
1.1871072882652993
1.3850515274298105
1.4019789072151414
0.9863731514457518
0.7918760898690875
0.8644764862279997
3.30613788001524
2.255515214993361
3.000779478257493
4.424337006529375
1.5234676219293843
1.3069179540311315
1.4816601957025717
2.081418323656521
1.6918143706931956
1.770256023780901
1.1380257787363015
1.1396674764016292
1.0463470239810602
2.1460877157547236
2.1900742696583757
1.3717150498697253
0.8052469733183342
1.1249597854148337
0.49861436738480175
1.442166843357007
3.0461325270104553
2.22786577086353
1.3840298010935383
1.2189715979946572
0.6727680377877487
4.307156640361957
1.3546845395215474
1.0043781792855142
1.2688597381191928
0.5711015996879338
1.5545262925568857
2.028154523566924
2.4856346675237315
1.6009713033143236
2.0751411688462906
1.1840755496231843
0.47724552212991866
0.4691120665298353
0.5652720113147726
1.0487467379449442
1.1076340893814205
1.2732712351946618
1.3605717324781927
0.9861246977084164
0.831027619018956
0.823484479479181
1.1161708504009127
1.2298499155225322
0.8362733148528516
0.7451754797360362
0.7301782178673386
1.3644056779418188
1.4244790129296292
1.0573024935472204
0.8279374677130136
0.8517790839759902
1.3288325159009382
1.3109263156323392
0.9493423241918159
0.7796136917105415
0.8245007141782077
0.47187757018568777
