0.5418622490503878
0.42184556409294444
0.41413235436647533
0.3927285706397356
0.24732775232383167
0.703740252591766
0.7240495982105292
0.574216327340004
0.5425457392660101
0.5242627347845059
0.3315591831347847
1.1231384173702825
0.8913720384517424
0.79084335738492
0.7340814011659411
0.46580771261372134
0.8153192016481409
1.012061873642814
1.0987619118407292
1.3632519508151075
1.0648680635490266
1.0701678022651417
0.8252585559721423
0.7623886512746376
0.5313588166034151
0.785818117919897
0.9799415161130496
0.8309638504024626
0.6809535446670443
0.660766483953689
0.4093554793488461
1.9412178495762806
1.4292418284252246
1.4637466324723785
0.5951607870995506
0.5677935463722859
0.35792602930989836
1.7183602797459365
1.8100156652620178
1.3559206560872552
1.4309895001040975
1.343250042745475
0.7917881465396082
2.5004416962071163
3.8236095294500423
1.5393935163782275
1.8467396035886872
1.4270987334687772
1.3137560626259543
1.471713912244931
0.8030905319952939
0.3928381689735986
1.9347771341138853
2.215667878570705
2.7477177875866925
2.995141603117403
2.4748979197175545
2.014251870469412
1.9111935439248484
1.8462802112902525
1.2426193706138067
0.7261576938863282
0.8427269074676975
0.9206982267273085
0.3795877982715352
1.404312076418856
2.105228403241268
1.993436014294731
1.5057726333107073
1.5919320084424302
1.3493290648583405
1.0860845682730722
0.7332736950943536
0.9842042780503446
1.006871707086761
1.0594990146362109
1.1670706805892486
1.1579216106425876
0.9879840610314032
0.8505714393420076
0.8353142691069042
0.5481915645126677
1.2522323783447336
1.3097207764464431
1.0214746038492477
0.9996493649012251
0.9423470134275698
0.6104411620358808
1.6267621954219245
1.7120530223437531
1.3078520938477205
1.289768762652087
1.2287584165031706
0.7295051139562962
1.5645374548287863
1.7735657982633035
1.3309443269226613
1.3797398435984545
1.0821913366185671
0.7165695510636613
1.189774552233236
1.3679220609484106
0.9452236056232074
0.9509323486365977
0.914873541991553
0.5530945339622334
1.2728492492298358
1.3652102468259222
1.3016167007675903
1.4140621015558261
1.1354722134840756
1.1016726969240984
1.0515015637123795
0.6217509894416998
1.0996192492890613
1.2473785722262893
0.9497082026330548
0.8698289790286869
0.833805974170289
0.5132110824765316
2.000730613278529
2.0352377070261407
2.092293365664806
2.0972041286108007
1.658182581625206
1.4367090957005972
1.3025375703518889
0.8391182009274696
1.6740748479265686
1.7057651616118843
1.7877543239042963
1.905452040842364
1.5238075963880924
1.0051601873327072
1.0838568275572027
1.2798887926298304
1.162406625881233
1.197663388229558
0.9103515410721223
0.802996721129811
0.5726950922999489
1.4229004296796357
1.4298428834004733
1.1420124430476544
0.9696042310888349
1.0219732628965439
0.6276304568544552
0.4536349792859264
0.7369440145276356
0.8114111292900716
0.8923484948854339
0.6614806249309797
0.5952749724685241
0.5751165325430871
0.3446317312680555
1.61766696449537
3.061144359109336
1.7539160744657838
0.5321536307858478
0.6414832115969726
0.6498740887441177
0.7106951849328184
0.4842754459641558
0.4554026115369932
0.4970601147395678
0.8309989168691635
1.0026447960739673
0.985284584198347
1.0481386942923296
0.8290987400750804
0.67273448588173
0.6429764744801151
0.9682157012273617
1.1378616877955876
1.1441748702798349
1.3126457793436752
0.9102843143209673
0.8734810218553614
0.7849758036462424
0.52487506664017
1.5854437513954933
1.639948363962849
1.1652154339074265
0.9088339589890074
0.9903114138591294
1.804022412632791
2.392993559122201
2.3481007013914796
1.5660854879549788
1.3703461405314188
1.480564920443226
1.2604440520137195
2.6088792818731945
2.646436602147755
1.8192572170869223
1.4416229582636153
1.5495266449997436
0.6805472948508448
0.9301811645026866
1.1155051287519766
1.1540452521831475
0.9097616643627422
0.7017251833661062
1.349585991099111
1.5443588045735348
1.5679706286467392
1.2769563061634621
0.8212790576584208
0.46570569564919884
1.8116629283427437
2.130638055602086
1.8928852304442547
2.117064324232865
1.5579287341308892
1.085689250170669
1.1978231120751694
0.4840564251235552
2.3176763686361657
2.095622022399978
3.0938182463968307
3.0820264756272824
2.19354843181873
1.860888173698863
1.3489604394127332
0.5715473370262867
2.527737499589602
2.6833980156421715
2.313567658685245
3.2046305762456244
1.6642501266220837
1.2714321072134487
1.5237126847018478
1.2183232969435625
1.7631153987129538
1.5750117838622328
1.6520048495375974
1.147465646647724
0.7743987572091987
0.8451262492078306
1.1238400638610613
2.1778049335800325
1.3421162584753605
1.2109920264405964
1.1074057837654645
1.4422972932874194
1.4988462537170606
1.7379132875345917
1.0589982266315043
0.936796006382291
0.5639312071266814
0.9909467800122933
0.9849765310374339
1.1965234129445617
0.7434834526522905
0.9042104760147011
0.9078029070251578
1.182338228649149
1.4179747236289388
1.377592697361653
0.9708412004428011
0.7888311860025305
0.892986903467027
3.0652175445876764
2.7004175192046858
3.324333548495429
2.7473379676886767
1.7666773264416187
1.5756424551472297
1.7839267241289842
2.4520438791458186
2.036048960901816
2.114590402957808
1.3568851065984426
1.3075196558400084
1.2559356216725575
2.4646394130632565
2.5826072449860606
1.620884632635193
0.9710307368048007
1.297096960917863
0.5938220581481268
1.7390021070855084
2.9355886243263662
2.645304004155167
1.6575949701354211
1.3632626444607452
0.7428241213884517
3.3878070479639795
1.626621772960421
1.1985498826283913
1.4410416138605415
0.6722112503105855
1.8652518339629776
2.4124700589262664
2.858567991789795
1.8520540123587519
1.6175305221176395
1.3916225385693939
0.574469340431884
0.5599855879402419
0.460388854692875
0.7747477948583971
0.7960898723646943
1.1810064240884073
1.2502135401042278
0.9226236678544497
0.7709470138612915
0.7729960842036678
0.8970572486082821
1.016375292847789
0.6546842658357324
0.624140363086882
0.6109436328987756
1.3831332306113588
1.4037130825484532
1.0915910138815121
0.8066714415632854
0.8652320536050894
1.3179925491380264
1.190285353407462
0.8894830745500076
0.7179463756905793
0.8164869216427851
0.559589458700615
