0.5591983403347768
0.43618393463516536
0.42803715150507654
0.4051797953454194
0.2563125637209086
0.6965452447955672
0.719574331310575
0.5700745822743878
0.540567811998092
0.5206032177464986
0.3300415828849004
1.0798114264873724
0.8567041427292634
0.7635387548011068
0.7090838913947184
0.45053414899867184
0.7831307986273108
0.9719943251524565
1.054495395074123
1.3066240970995167
1.0205907257076383
1.0262942850542114
0.795127422170658
0.7350961915039721
0.5107551932579182
0.7558660571770219
0.9485889922274175
0.8009500619534281
0.6639407577294201
0.6424889839002732
0.39942081446577654
1.8989780160970704
1.3894202464715324
1.4341228964726893
0.5868144841261541
0.5588263501822766
0.35306472529638117
1.675008471493586
1.7616046454739602
1.3152943599196667
1.3994397674504229
1.3137516705367651
0.7685465493009722
2.6243793904965522
3.726668060974391
1.4868582189308774
1.8005853121457047
1.3904723342941334
1.2740738519611499
1.4547706291805635
0.7800911405324812
0.38259258678202696
2.008792279550989
2.266327291694325
2.8748615957858785
3.154221765807758
2.5159161606910634
2.064259864900749
1.9524208376091212
1.895562642092873
1.2874710363191717
0.6989306016102635
0.8144661358278809
0.8886115516576594
0.3705730082824731
1.4649717382195884
2.1126580868054297
1.9657782193884397
1.4813122820394604
1.5860336991047301
1.3260789665742432
1.1069694648815775
0.7041565038608903
0.9439567608339443
0.966825797023548
1.016468568548546
1.1185060862365572
1.1105456192330798
0.9469641098970604
0.8158100931218689
0.8006772526582925
0.5253851408317209
1.2007441901234022
1.2554921234453127
0.9793650401843452
0.9587283724685456
0.9038469555229731
0.5859133215268834
1.5812530628091745
1.661782324857559
1.2688057355962392
1.2540344135662413
1.1964700243467903
0.7067533767111611
1.518199411140388
1.7308557026342712
1.297300132494258
1.3571529130346174
1.0462318247141194
0.6948889007140303
1.1404307260097823
1.3130093999315142
0.9059186095010672
0.9119219924396349
0.8777980230108845
0.5302177709492726
1.2263172593597627
1.3151550306027233
1.2500229020428237
1.3589624381686902
1.0941734412577206
1.0627684494603726
1.0153670315406225
0.598137368260733
1.0540368104051063
1.195564449909393
0.910301284701729
0.8336353934448473
0.7991290573679498
0.4918629314809372
2.0557340394318064
2.0676792534470474
2.1256404014667742
2.109877926192213
1.6828062527605532
1.4503194745603023
1.2982365713488493
0.8483309624795667
1.6717484644320102
1.686167864075466
1.7747136263316723
1.8900461745889376
1.5259990679513824
0.9950727779142655
1.0594921641076407
1.239755418353616
1.1148125853058706
1.1480798005293176
0.8728545807355943
0.7698063425724151
0.5489912505959585
1.376324142730947
1.3779791488131958
1.1048505140726224
0.9347010715317878
0.9897673877685585
0.6098835721157008
0.43832820956610813
0.7129657726868439
0.7856472081497019
0.862309000893583
0.6398884718941915
0.5758588207342853
0.5569406084944352
0.33349040665623403
1.6813877252602807
3.1169319514481475
1.8495718115840205
0.5207854010041169
0.6259615482889501
0.6353384458979808
0.6944601047744312
0.47270625810982086
0.44244268028310485
0.476773366359314
0.7965092911873491
0.9610499460000943
0.9443367748785201
1.0047498910030885
0.7947569667482675
0.6447515547307112
0.6162361865671062
0.930226674988439
1.0937342616308892
1.0986547206664647
1.2630727031051472
0.8741356968382924
0.8433560471815482
0.7551490791252972
0.5039097485286218
1.566429463401096
1.612456270546107
1.144596720695488
0.8891173082448252
0.9753959779453171
1.8509673096223722
2.5137476612090954
2.4392397154315266
1.6088837482266278
1.4253750190608894
1.5501264973001818
1.3005818626884094
2.751180398403353
2.7857357847761226
1.9081574147227465
1.5084848680703093
1.6288173302004467
0.6543027770774664
0.8917297019168847
1.071350151847581
1.1071826304264412
0.8760344601261268
0.6745212974826258
1.3263117784181364
1.521617460308355
1.534572513222313
1.2711362496481857
0.7965563434470361
0.4726543026389861
1.9087190509253957
2.238626722610646
1.9592903832717306
2.1968296325364696
1.6348256872588824
1.1279122571474542
1.2526840522514284
0.49927028917194854
2.34129119185917
2.1980286551709427
2.9648528524498365
3.1299666601996634
2.1676793691525496
1.6874580545713607
1.4225440159015565
0.5977181700676644
2.399914664131665
2.76044523344165
2.439390344603327
3.177735867908084
1.754877215943388
1.340774997343955
1.5809698351091523
1.2365418818253804
1.8270180175087785
1.603306289418681
1.6678717354337262
1.1743196000656133
0.7876856409277082
0.859396804575919
1.1250417806136412
2.2510880670879425
1.3577916376303696
1.2500645795410308
1.1191156640284703
1.5039149240911418
1.4767903350518492
1.7332984089279475
1.0370153947148901
0.9266035621838797
0.542077395562194
0.952223721321577
0.9441093435593564
1.1509238939944748
0.7127378603394501
0.8933806931708315
0.8927987588239917
1.1504425967017409
1.3880556253765177
1.3370645156104541
0.9425588453793405
0.7675771589971376
0.8761074731116019
2.897018100657023
2.836686359839864
3.3437718229928515
2.4600175027205426
1.8204921089295811
1.6615687486068489
1.8800959228559146
2.5503995979253244
2.1424139947681615
2.212287267248242
1.4177077422108912
1.3392170093517177
1.3213359088227925
2.5257938371538455
2.687816302536483
1.6890184345303285
1.023749419177688
1.3322489586055437
0.6217689212409152
1.8338878725276035
2.8030739753915914
2.7646768540044926
1.7416008125347417
1.377645085986555
0.7459714463175697
3.1045078636851984
1.7116895703860113
1.2565014309376932
1.467863640383071
0.6988081702499997
1.9619725432420452
2.5241059742627856
2.931772983694743
1.9058153587314095
1.4804185062678092
1.4453778569954336
0.6045868696956553
0.5871792463459492
0.44136728521058777
0.746722111866627
0.7692375480859188
1.137288767527741
1.2028702024061406
0.889278283689983
0.7424219196669648
0.7453334029275104
0.8602998891845861
0.9741507176345113
0.6285294479855854
0.5981677301544985
0.5855204160333447
1.3508334562733835
1.3631100041222937
1.0708103685899775
0.7818157224306923
0.845417482467101
1.2814065088981335
1.1440848340043694
0.8574717335965477
0.6908953846351837
0.7935861743471975
0.5824974773167557
