186.22502168524989
155.42146279757495
110.10281536850653
79.18997862055016
128.83161882766635
121.63888899788002
184.52984760033587
153.28517683012853
108.28836385023816
77.9672115876693
126.19875521645629
185.06516573241382
153.9260626203625
109.19558960937236
78.54641702429704
127.58122486021354
99.88466614291913
133.16807413028047
191.22536475492868
185.6897035531716
154.6737627089687
188.2715989999109
109.46775733711262
78.8681978224236
128.1369555124148
152.57351722778296
184.79750666637474
153.60561972524548
108.65125415389184
78.1602800665452
126.75090622294003
183.72687040221885
152.32384814477754
184.85986681805886
107.56258324293081
77.38800615104152
124.95915845262986
128.52066277451578
180.15808285503147
148.15809050825678
103.9336802063941
74.87811592565457
119.50916322273844
94.42644651154365
127.92152158488851
128.70669120031098
180.4257419210703
148.47853340337377
104.20584793413434
75.13554056415579
120.18650008951249
118.83314968342977
93.77471879436457
127.12658938104136
174.41538323194035
127.65253012080466
178.9090072135158
146.66269033104422
102.6635641436062
73.91277353127501
117.62393989845005
94.01911668830677
127.52405548296487
174.86498984323
118.29503899074469
141.67835112930007
125.8542553381174
176.32163624180475
143.56507567824664
100.03260944211713
72.1108010617664
113.75079694389602
89.1311588094632
122.59547581911175
169.28986786323654
124.1179900306954
124.86210373387622
174.89412122293012
141.85604690428957
98.58104822750244
71.08110250776149
111.63679187189393
125.23416058546674
175.42943935500818
142.49693269452345
99.12538368298293
71.46723946551327
112.55949542344223
125.35817953599677
175.60787873236765
142.71056129126816
99.30682883480974
71.53159562513859
112.69133361772884
132.40826887114298
171.68221243046142
137.90391786451352
95.3150354946194
68.69992460162511
105.01931745880903
132.0718208241806
171.14689429838333
137.36984637265195
94.77070003913887
68.31378764387325
104.26775299653296
119.73371988526156
156.2755461494042
131.66808316782584
170.52235647762578
136.6221462840455
94.13564200774488
67.92765068612142
103.39475751297768
131.129766292686
169.89781865686786
135.8744461954393
93.50058397635111
67.47715756874427
102.52562924293767
111.70490462640396
147.72678614821714
124.87183261918584
161.60038760965747
113.84449556551012
89.29581660353176
75.23868989411342
84.99161649356131
111.4664249652498
130.64295897445783
141.5845085885066
161.33272854361852
113.65586611730315
248.95482244456628
84.98201059925351
110.90997242255666
123.92977808769125
160.35131196814186
112.61840415216489
88.03013917596674
157.78815346336518
125.47743910371811
162.40336480777475
114.78764280654492
90.26941462473572
76.00421079007157
86.1117970047104
126.79188655909616
113.453755474868
126.35220402582028
163.56322076061048
116.01373421989017
91.53509205230073
76.99938795481711
87.57569166825782
98.06220306722668
373.03557529805
188.13655881542726
95.62292734732341
150.8885122923717
139.8394365704862
125.38299045889597
192.5954492138669
95.90945124349082
97.48374305999049
84.59207445643679
151.3669659106225
140.50896485419761
125.97563417823102
104.55206069650245
89.56832829455057
96.46522940615127
96.99465650817542
152.51525459442453
141.2621841733733
126.64235836248288
105.47299015409294
90.55865359603246
97.79909699653615
58.354733751249995
154.31647462006887
104.9106353948413
112.4619729431725
65.75028348675582
93.59647938278313
239.45621266815445
154.2237946271864
104.84554388734286
112.3572036549249
65.65904981895874
93.37473286367218
58.65551982769383
154.5945145987162
105.10590991733649
112.77628080791573
66.023984490147
93.92909916144959
57.22678596458555
225.79844487054288
152.92627472683256
103.93426278236505
110.9952029077042
64.38177846979984
238.22154794813468
153.57503467700954
104.38990333485403
111.51904934894293
65.02041414437933
36.064593262940676
94.42775168729789
108.20396639551558
136.8303238386258
103.15934268859775
90.76070173176691
56.504376976259415
76.2487169063602
32.15516154663949
94.51953767350945
108.34921824401272
136.92363926067927
103.36791452886983
90.95773014054718
56.79427425375041
76.46288556013873
36.478367590550626
93.14600846627917
107.25982938028505
135.7105387739842
102.46410322102406
89.6770454834752
55.53997837577327
75.18107608446333
83.70838052491459
99.92461103118605
126.09905030247712
95.30313670501431
79.53008243128913
45.97290628027491
64.50882687229337
73.43915449549574
108.8486978877255
99.75624057898585
61.0061327613085
87.83106988589914
72.93302796802259
149.0337150257707
108.42702919774598
99.15874449448846
147.6245610830927
87.27449704629989
218.58769967946714
148.75567504712362
108.07563862276288
98.95957913298929
60.27626341893199
86.83349294116039
229.0497528851316
148.9410350328884
108.21619485275615
99.15874449448846
60.18502975113494
87.16583032856641
231.51908232517061
150.05319494747744
109.20008846270848
100.25415398273388
61.55353476809095
88.38543618367645
81.59355706854963
101.81288506164704
128.5252512758673
97.04123537394872
82.09145174543316
48.22201320515657
67.0915073699736
123.39290306292656
93.28694224905048
76.77168470836487
43.48859489056043
61.903564215456974
32.38066654653911
81.84616795251777
102.10338875864107
97.45837905449287
82.48550856299387
48.67698456253219
35.63483511890943
97.18028326746342
82.18996594982333
48.40340776072523
67.29233317375002
35.40621154397583
82.9424799946002
103.0475257738717
98.29266641558154
83.86470742445609
49.877886685436415
68.91538865771592
36.32674027398986
29.149033536597205
91.31350298280479
135.15273858450465
128.66337184629384
135.9896489391442
129.5353096428595
92.09828812778845
83.62637648565949
61.38276167727105
134.9016654781129
128.42557062904868
90.9685057303971
82.08587046113219
60.31103242292966
132.80938959151396
126.4438938186719
88.79584727387548
79.33496684590486
58.39723018303425
132.55831648512222
126.20609260142663
88.53512825909284
79.00485841207758
58.16757391424694
34.99674960440154
