186.023186997745
155.24018722483376
110.23296680935933
78.93439830118794
129.2517886924663
121.7432440745517
184.33414207994483
153.11594926901816
108.41241119361793
77.72284172376636
126.65818857252422
184.86752468556563
153.75322065576287
109.32268900148858
78.29673694465028
128.02261489426618
99.79731046613585
133.31784712397635
191.24207612359245
185.4898043921238
154.4967039402985
188.1475738311149
109.59577234384977
78.61556762291904
128.56841568351965
144.62901160303238
184.60083338275558
153.4345849623907
108.77652231676619
77.9141401307277
127.20391371038583
183.53406817151333
152.16004218890131
184.7421076694167
107.68418894732135
77.14894650288255
125.4315256139695
128.74476940856405
179.9781841340397
148.01777817506078
104.04307771583848
74.66206721238574
119.99605987939827
94.35855505355777
128.03812511099736
128.93178386380964
180.24487543685038
148.33641386843303
104.3161610581998
74.91713175500077
120.67362348072344
119.31849627807293
93.70915142220514
127.23816723024306
174.31182757295778
127.87203528408399
178.7336247209239
146.5308116059898
102.76868878481942
73.70557517757925
118.09960785351494
93.95267778396249
127.63814617062036
174.76015727643153
118.77644539701264
134.35861079558643
126.06422888337562
176.1556087937554
143.45066657005725
100.12888314199436
71.92012337927386
114.19852036218714
89.08215054881788
122.67840730994317
169.20086895335913
124.31876063441571
125.06681845539845
174.73325517876606
141.7512762054048
98.67243864940122
70.89986520881367
112.06724868719175
125.44084736588987
175.26663778438692
142.38854759214942
99.21860533412365
71.28246202273615
112.99854965984845
125.56552366938693
175.44443198626084
142.600971387731
99.40066089569784
71.34622815838995
113.1318105236877
132.621415098007
171.53295954503972
137.82143598714583
95.39543854106665
68.54051818962444
105.3236876897509
132.28269961087958
170.9995769394186
137.29037649819205
94.84927185634416
68.15792137570183
104.56966475877802
119.79855893922742
156.1766461791669
131.87624102632674
170.37729723286068
136.5468932136566
94.21207739083464
67.77532456177921
103.69074104736826
131.33429624692283
169.75501752630262
135.80340992912093
93.57488292532513
67.32896161220286
102.81456241883495
111.71898434360814
147.66628568236808
125.0341881863539
161.48758713917644
113.83694187403192
89.308568348977
75.2678562827485
85.10286252540455
111.47899697938175
130.67384030292783
141.6548822834821
161.22089583636594
113.64929955303643
249.10752614887883
84.93359628644244
110.91902646285364
124.08578482239717
160.2430277260607
112.61726678756146
88.04205274943921
157.9309261264302
125.64387606318313
162.28766104760786
114.77515347900903
90.28281111785236
76.03233994078012
86.22923872287856
120.32578592996691
113.47889168126777
126.5245363297144
163.44332335978692
115.9948285654794
91.54932671739017
77.0261686962212
87.70211374357943
92.46400917595417
373.04121047352123
188.239794939954
95.51508447345924
150.99865032319795
139.90771537197006
125.2621027978059
192.68323601460858
95.99363367308565
91.92384583756416
84.50107329042089
151.4787173143698
140.5787764909275
125.85076501013134
104.61709039691988
89.58953704329183
96.54870590330444
96.88939448073295
152.6308780931822
141.3337202497547
126.51300999899748
105.53565945224413
90.57997926602754
97.88087925582981
58.380961949519836
154.33300383884446
104.8531285073369
112.5566379942798
65.69972416520324
93.75701198952306
239.43952826193265
154.2400061313765
104.78866079839456
112.45215622977541
65.60914090487019
93.53355870328612
58.67881070709395
154.6119969612483
105.04653163416425
112.87008328779298
65.97147394620252
94.09219191887854
57.26402910861675
225.7850763745763
152.93803822682557
103.88611287320039
111.09389329121797
64.34097526020685
238.20154211835586
153.58902217910102
104.33738683579755
111.61630211374002
64.97505808253852
36.02756780165597
94.27515193398834
108.23262154419653
136.84346825655498
103.16953470696416
90.90491760012846
56.5524149066244
76.24033060443085
32.044390107461986
94.36715907524818
108.37843426609004
136.93690358093403
103.37642126991916
91.10120478664864
56.84027863841391
76.45831111222678
36.4386535124565
92.98705195635104
107.28483885188864
135.72224436400637
102.47991283044742
89.82533807426772
55.59547523620424
75.15470492824979
83.5115033647531
99.921296396265
126.09840595296428
95.3768075023258
79.71654796848115
46.02597634550069
64.25095181382635
73.5341050709693
108.80999749364675
99.87886409767621
60.98939462788235
87.94722654736256
73.03160758148478
149.0321345131716
108.39059130838486
99.28457344225706
147.72372586651474
82.39267903638822
218.55011788861677
148.75314139076787
108.04108615399997
99.08647655711742
60.264728545217594
86.94351478496878
229.005073623214
148.93913680570378
108.18088821575374
99.28457344225706
60.17414528488451
87.27783080063091
231.48104591036758
150.05510929531914
109.15950264803162
100.37410631052573
61.53289418988097
88.50585976295496
81.43810921318594
101.81686178088108
128.5277243868198
97.10086219361744
82.2682813932428
48.284769750591806
66.89600596061506
123.38878154597204
93.37690406042742
76.96852735719933
43.56229793000657
61.58014721622258
32.20025829099993
81.69206141105637
102.10848722466808
97.51463531952744
82.66085576628309
48.74214316411789
35.496422487325695
97.23878656892084
82.36642498650282
48.46710345775861
67.1032189959894
35.26260401554189
82.79376296179093
103.05626991697618
98.3421815713474
84.03486607192401
49.946389436651714
68.76915436575582
36.20417052582117
29.011276600923605
86.16210356140452
135.21028753926728
128.5654890777417
136.04911393796405
129.43466616096916
92.17846251260916
83.64688370687801
61.43070207237668
134.95863961965804
128.3284407823161
91.05495592583675
82.1061958048448
60.36042495113244
132.8615736229157
126.35303832043503
88.89436633588996
79.35496740835684
58.44921580605342
132.60992570330663
126.11599002500925
88.63509558509627
79.02482000077826
58.219870708644
34.93467788382538
