0.1.2	2017	232	17	3868	114	11	186.375029	6	0.4936529724	0.5929283857	0.6552716248	0.6470588235
0.1.2	2017	250	18	3867	114	8	155.8489756	7	0.3898651367	0.4682684377	0.517504352	0.4444444444
0.1.2	2017	263	13	3867	114	5	109.8951995	8	0.3806434168	0.4571921963	0.5052635032	0.3846153846
0.1.2	2017	273	10	3868	114	7	79.25254984	9	0.3568586249	0.4286241959	0.4736917309	0.7
0.1.2	2017	298	25	3868	114	1	127.5269026	10	0.2296914115	0.2758831921	0.3048908299	0.04
1.1.2	2017	215	12	3887	81.5	5	121.845088	5	0.6201983752	0.706159399	0.7539870759	0.4166666667
1.1.2	2017	232	17	3887	81.5	12	184.6728246	6	0.6635259534	0.7554922863	0.8066612449	0.7058823529
1.1.2	2017	250	18	3887	81.5	5	153.7008167	7	0.5215638882	0.5938539289	0.6340752358	0.2777777778
1.1.2	2017	263	13	3887	81.5	3	108.0879157	8	0.5078525462	0.5782421611	0.617406094	0.2307692308
1.1.2	2017	273	10	3887	81.5	5	78.02909389	9	0.4766069905	0.5426658943	0.5794202718	0.5
1.1.2	2017	298	25	3887	81.5	4	124.9323295	10	0.3052380522	0.3475447987	0.3710837623	0.16
1.2.3	2017	232	17	3881	47	18	185.2103628	6	1.070628015	1.131569718	1.153801922	1.058823529
1.2.3	2017	250	18	3881	47	15	154.3452644	7	0.8426418915	0.8906062933	0.9081042345	0.8333333333
1.2.4	2017	263	13	3877	54.5	6.5	108.9915576	8	0.7275902175	0.7830777483	0.8071915254	0.5
1.2.4	2017	273	10	3878	54.5	6.5	78.60862566	9	0.6821934542	0.7342189341	0.7568281729	0.65
1.2.4	2017	298	25	3877	54.5	7	126.2967685	10	0.4384192092	0.4718539625	0.4863840411	0.28
1.3.2	2017	170	13	3875	46	12	100.0864191	2	0.7701706521	0.8119732002	0.8267070939	0.9230769231
1.3.2	2017	184	14	3875	46	16	132.6773034	3	0.9480336811	0.9994900998	1.017626636	1.142857143
1.3.2	2017	203	19	3875	46	22	191.1295511	4	1.006304478	1.060923661	1.080174957	1.157894737
1.3.3	2017	232	17	3874	35	19	185.8374907	6	1.362880783	1.396107305	1.398635155	1.117647059
1.3.3	2017	250	18	3874	35	15	155.09712	7	1.074248324	1.100438095	1.102430595	0.8333333333
1.3.3	2017	273	23	3874	35	17	188.1288455	9	1.019767133	1.044628674	1.046520122	0.7391304348
1.3.4	2017	263	13	3874	50	11.4	109.2626502	8	0.7844137238	0.8352155292	0.8553737271	0.8769230769
1.3.4	2017	273	10	3873	50	8.5	78.93058775	9	0.7366516096	0.7843601472	0.803290934	0.85
1.3.4	2017	298	25	3873	50	9	126.8434948	10	0.4735272713	0.5041948127	0.5163637181	0.36
1.4.2	2017	170	28	3885	35	22	158.5441777	2	0.705936639	0.7231471096	0.72445647	0.7857142857
1.4.3	2017	232	17	3884	54	20	184.9415937	6	0.9515258003	1.022890778	1.053638105	1.176470588
1.4.3	2017	250	18	3884	54	13	154.0230405	7	0.7484246474	0.8045569226	0.8287412981	0.7222222222
1.4.4	2017	263	13	3883	63	9.7	108.4493724	8	0.6392821068	0.7013502323	0.7315231582	0.7461538462
1.4.4	2017	273	10	3884	63	10	78.22227115	9	0.599431111	0.6576300893	0.6859221224	1
1.4.4	2017	298	25	3883	63	7	125.4777558	10	0.3846233021	0.4219665144	0.4401200185	0.28
1.5.2	2017	232	17	3896	22	14	183.8665173	6	1.90205086	1.882376905	1.857193173	0.8235294118
1.5.2	2017	250	18	3896	22	11	152.7341452	7	1.492217162	1.476782342	1.457024933	0.6111111111
1.5.2	2017	273	23	3896	22	14	184.7242001	9	1.412421617	1.397812165	1.379111273	0.6086956522
1.5.3	2017	263	13	3895	73.5	7	107.3650022	8	0.5529827553	0.6200375106	0.6556111312	0.5384615385
1.5.3	2017	273	10	3896	73.5	9	77.44956213	9	0.518574515	0.5814569229	0.6148170465	0.9
1.5.3	2017	298	25	3896	73.5	12	123.707199	10	0.3313196303	0.3714954884	0.392809424	0.48
2.1.2	2017	215	13	3936	24	27	128.5328074	5	1.635454491	1.626641066	1.607462057	2.076923077
2.1.2	2017	232	17	3936	24	39	180.2829291	6	1.754177381	1.744724161	1.724152886	2.294117647
2.1.2	2017	250	18	3935	24	29	148.5452353	7	1.365067237	1.357710923	1.341702751	1.611111111
2.1.2	2017	263	13	3935	24	13	103.7504345	8	1.32012299	1.313008879	1.297527769	1
2.1.2	2017	273	10	3935	24	6	74.93825782	9	1.239571021	1.232891003	1.218354528	0.6
2.1.2	2017	298	25	3936	24	23	118.284597	10	0.7826291296	0.77841156	0.7692336518	0.92
2.2.3	2017	170	13	3942	5	17	94.60900044	2	2.763650894	2.765180621	2.796597367	1.307692308
2.2.3	2017	184	14	3941	5	23	127.4819644	3	3.457918804	3.45983282	3.499141894	1.642857143
2.2.4	2017	215	13	3933	24	18	128.7183767	5	1.637815679	1.628989529	1.609782831	1.384615385
2.2.4	2017	232	17	3933	24	31	180.5516983	6	1.756792541	1.747325228	1.726723286	1.823529412
2.2.4	2017	250	18	3932	24	23	148.8674591	7	1.368028336	1.360656065	1.344613168	1.277777778
2.2.4	2017	263	13	3932	24	10	104.0215271	8	1.323572379	1.316439679	1.300918118	0.7692307692
2.2.4	2017	273	10	3931	24	8	75.19582749	9	1.243831541	1.237128562	1.222542124	0.8
2.2.4	2017	298	25	3931	24	9	118.9619597	10	0.7871108947	0.7828691729	0.773638707	0.36
2.3.2	2017	298	25	3941	62.5	8	117.6073472	10	0.3629961668	0.3978064692	0.4146401967	0.32
2.4.2	2017	170	13	3950	10	42	93.95498031	2	2.046657952	1.997251326	1.989402648	3.230769231
2.4.2	2017	184	14	3951	10	21	126.6947918	3	2.562710451	2.500846242	2.491018568	1.5
2.4.2	2017	202	18	3951	10	36	174.5096229	4	2.74546359	2.679187693	2.668659183	2
2.4.2	2017	215	13	3950	10	19	127.6668176	5	2.781016041	2.713881903	2.703217054	1.461538462
2.4.2	2017	232	17	3950	10	41	179.0286733	6	2.982239276	2.910247579	2.898811063	2.411764706
2.4.2	2017	250	18	3949	10	26	147.0415241	7	2.31332315	2.257479188	2.248607882	1.444444444
2.4.2	2017	263	13	3949	10	12	102.4853358	8	2.23247801	2.178585661	2.170024386	0.9230769231
2.4.2	2017	273	10	3950	10	12	73.97237155	9	2.094779697	2.044211405	2.036178187	1.2
2.4.2	2017	298	25	3950	10	17	116.3921887	10	1.318416531	1.286589761	1.281533798	0.68
2.5.1	2017	170	13	3947	55	7	94.20023786	2	0.6239859561	0.6723570435	0.6935540555	0.5384615385
2.5.1	2017	184	14	3946	55	3	127.0883781	3	0.7817069438	0.8423044852	0.8688593321	0.2142857143
2.5.1	2017	202	18	3946	55	5	174.9602796	4	0.8370147806	0.9018997586	0.9303334311	0.2777777778
2.5.2	2017	298	25	3945	67.5	8.5	117.0667323	10	0.3379143564	0.3742919883	0.3927363333	0.34
3.1.3	2017	170	28	3986	11	72	146.9855426	2	1.414627329	1.378928587	1.369537105	2.571428571
3.1.4	2017	215	13	3979	19	30	125.8729814	5	1.880995086	1.848860489	1.821618719	2.307692308
3.1.4	2017	232	17	3979	19	34.9	176.4305719	6	2.016152668	1.981709062	1.952509854	2.052941176
3.1.4	2017	250	18	3978	19	26.1	143.9266936	7	1.553342904	1.526805861	1.504309359	1.45
3.1.4	2017	263	13	3978	19	13	99.86477432	8	1.492338925	1.466844063	1.44523106	1
3.1.4	2017	273	10	3978	19	10	72.16938384	9	1.402011229	1.378059509	1.357754689	1
3.1.4	2017	298	25	3979	19	16	112.4926554	10	0.8741433423	0.8592096274	0.8465497264	0.64
3.2.3	2017	170	13	4007	46	14	89.29508684	2	0.6871307404	0.7244261316	0.7375714149	1.076923077
3.2.3	2017	184	14	4008	46	18	122.2079081	3	0.8732255631	0.920621622	0.9373270271	1.285714286
3.2.3	2017	202	18	4008	46	20	169.3721364	4	0.9412925621	0.9923830931	1.010390667	1.111111111
3.2.3	2017	215	13	4007	46	18	124.1410016	5	0.955272024	1.007121318	1.025396328	1.384615385
3.3.2	2017	215	13	3995	40	15	124.8832787	5	1.077083952	1.118146461	1.128371125	1.153846154
3.3.2	2017	232	17	3995	40	20	174.9971367	6	1.154172272	1.198173679	1.209130136	1.176470588
3.3.2	2017	250	18	3994	40	14	142.2081665	7	0.8858101395	0.9195805679	0.9279894869	0.7777777778
3.3.2	2017	263	13	3994	40	7.5	98.41894726	8	0.8488363675	0.8811972161	0.8892551463	0.5769230769
3.3.2	2017	273	10	3994	40	5.5	71.13910514	9	0.797621796	0.8280301516	0.8356019063	0.55
3.3.2	2017	298	25	3995	40	17	110.3595139	10	0.4949466458	0.5138158814	0.5185143671	0.68
3.4.2	2017	215	13	3989	34	17	125.2544172	5	1.228732723	1.255293114	1.255779594	1.307692308
3.4.2	2017	232	17	3989	34	21	175.5346749	6	1.316805779	1.345269965	1.345791315	1.235294118
3.4.2	2017	250	18	3988	34	18	142.8526142	7	1.012099973	1.033977612	1.034378323	1
3.4.2	2017	263	13	3988	34	9.5	98.96113241	8	0.9707983511	0.9917832107	0.9921675698	0.7307692308
3.4.2	2017	273	10	3988	34	5.5	71.52545965	9	0.9121544547	0.9318716629	0.9322328037	0.55
3.4.2	2017	298	25	3988	34	15	111.2921542	10	0.5677174798	0.5799893091	0.5802140801	0.6
3.5.2	2017	215	13	3987	25	18	125.37813	5	1.549291047	1.544925172	1.52817322	1.384615385
3.5.2	2017	232	17	3987	25	26.5	175.7138543	6	1.660395926	1.65571696	1.637763669	1.558823529
3.5.2	2017	250	18	3986	25	15	143.0674301	7	1.276799919	1.273201919	1.25939632	0.8333333333
3.5.2	2017	263	13	3986	25	10.5	99.14186079	8	1.22509083	1.221638546	1.208392059	0.8076923077
3.5.2	2017	273	10	3987	25	10	71.58985207	9	1.150021714	1.146780973	1.134346183	1
3.5.2	2017	298	25	3987	25	11	111.4255433	10	0.7159774216	0.7139598101	0.706218192	0.44
11.1.2	2017	215	14	4032	24	32	132.3953658	5	1.564273077	1.555843247	1.537498984	2.285714286
11.1.2	2017	232	17	4031	24	36.5	171.7719073	6	1.671363983	1.662357042	1.642756922	2.147058824
11.1.2	2017	250	18	4031	24	27	138.2340725	7	1.270312057	1.263466376	1.2485694	1.5
11.1.2	2017	263	13	4030	24	13.5	95.1658364	8	1.21089236	1.20436689	1.19016673	1.038461538
11.1.2	2017	273	10	4031	24	10	68.75658567	9	1.137318555	1.131189573	1.117852215	1
11.1.2	2017	297	24	4030	24	22	104.2856538	10	0.718755447	0.7148820912	0.706453231	0.9166666667
11.2.2	2017	215	14	4037	35	16	132.0599359	5	1.176024861	1.204695907	1.206877179	1.142857143
11.2.2	2017	232	17	4037	35	20	171.2343691	6	1.255785526	1.286401106	1.288730318	1.176470588
11.2.2	2017	250	18	4036	35	15.5	137.6970328	7	0.9537301963	0.976981781	0.978750745	0.8611111111
11.2.2	2017	263	13	4036	35	7.5	94.62365125	8	0.9074648382	0.9295884908	0.9312716425	0.5769230769
11.2.2	2017	273	10	4037	35	5	68.37023116	9	0.8523942368	0.8731752887	0.8747562964	0.5
11.2.2	2017	297	24	4036	35	10	103.5066168	10	0.5376879804	0.5507966118	0.5517939071	0.4166666667
11.3.2	2017	184	14	4044	30	21	119.3740869	3	1.197064472	1.209742939	1.203638321	1.5
11.3.2	2017	201	17	4044	30	22	156.3893882	4	1.291498404	1.305177049	1.298590851	1.294117647
11.3.2	2017	215	14	4043	30	19	131.65742	5	1.320239795	1.334222849	1.327490079	1.357142857
11.3.2	2017	232	17	4044	30	24.5	170.6072412	6	1.408912601	1.423834815	1.416649844	1.441176471
11.3.2	2017	250	18	4043	30	21.2	136.9451772	7	1.068094679	1.079407189	1.073960273	1.177777778
11.3.2	2017	263	13	4043	30	9.3	93.99110192	8	1.015030058	1.025780545	1.02060424	0.7153846154
11.3.2	2017	273	10	4043	30	9	67.98387665	9	0.9544241948	0.9645327866	0.9596655507	0.9
11.3.2	2017	297	24	4043	30	9	102.5988141	10	0.6001594015	0.606515869	0.603455262	0.375
11.4.2	2017	215	14	4051	39	15	131.1207322	5	1.0716821	1.109609321	1.118105573	1.071428571
11.4.2	2017	232	17	4051	39	22.5	169.9801133	6	1.144120691	1.184611541	1.193682083	1.323529412
11.4.2	2017	250	18	4050	39	14.5	136.1933216	7	0.8657768191	0.8964169776	0.9032808209	0.8055555556
11.4.2	2017	263	13	4050	39	10	93.35855258	8	0.8217380633	0.8508196742	0.8573343801	0.7692307692
11.4.2	2017	273	10	4050	39	6	67.53312973	9	0.7727509073	0.8000988447	0.8062251824	0.6
11.4.2	2017	297	24	4050	39	17	101.6933937	10	0.484846367	0.5020052574	0.5058490996	0.7083333333
4.1.2	2017	184	14	4145	14	32	111.4236438	3	1.872832521	1.826368307	1.803502776	2.285714286
4.1.2	2017	201	17	4145	14	37	147.814308	4	2.046054389	1.995292611	1.970312204	2.176470588
4.1.2	2017	215	14	4144	14	27	124.8817363	5	2.099039028	2.046962723	2.021335422	1.928571429
4.1.2	2017	232	17	4144	14	35	161.6482709	6	2.237544922	2.182032341	2.154714013	2.058823529
4.1.2	2017	248	16	4144	14	28	113.9924329	7	1.676508119	1.634914634	1.61444604	1.75
4.1.2	2017	262	14	4144	14	14.8	89.26035373	8	1.500307184	1.463085173	1.444767827	1.057142857
4.1.2	2017	274	12	4144	14	11	75.26364753	9	1.475888799	1.439272598	1.421253378	0.9166666667
4.1.2	2017	297	23	4144	14	15.5	83.99000398	10	0.8593090522	0.8379899438	0.8274985851	0.6739130435
4.2.2	2017	184	14	4148	16	30	111.1874921	3	1.723217984	1.684516215	1.660461823	2.142857143
4.2.2	2017	199	15	4147	16	32	130.8836697	4	1.893243714	1.850723336	1.824295555	2.133333333
4.2.2	2017	215	16	4147	16	27	141.4413131	5	1.918088389	1.875010024	1.848235436	1.6875
4.2.2	2017	232	17	4147	16	28	161.3795018	6	2.059736991	2.013477338	1.984725479	1.647058824
4.2.2	2017	248	16	4146	16	17	113.8034502	7	1.543290794	1.508630012	1.487087223	1.0625
4.2.2	2017	297	49	4146	16	26	247.9430357	10	1.097913572	1.073255521	1.05792975	0.5306122449
4.3.2	2017	170	14	4159	25	20	85.17366759	2	0.9773089773	0.9745549382	0.9639876316	1.428571429
4.3.2	2017	184	14	4155	25	27	110.6364713	3	1.269477054	1.265899691	1.252173271	1.928571429
4.3.3	2017	215	14	4158	35	18	123.9425326	5	1.103737471	1.130646177	1.132693372	1.285714286
4.3.3	2017	232	17	4158	35	21.5	160.394015	6	1.176285366	1.204962762	1.207144518	1.264705882
4.3.3	2017	248	16	4157	35	15.5	112.764045	7	0.8786666035	0.9000881659	0.9017179031	0.96875
4.3.3	2017	262	14	4157	35	14	87.99653981	8	0.7836299316	0.8027345355	0.8041880002	1
4.3.3	2017	297	35	4157	35	14	156.8189716	10	0.5586039644	0.5722225196	0.5732586096	0.4
4.4.2	2017	215	14	4135	26	19	125.4855101	5	1.399485722	1.399206903	1.385478482	1.357142857
4.4.2	2017	232	17	4135	26	26.7	162.4545782	6	1.492058877	1.491761614	1.477125086	1.570588235
4.4.2	2017	248	16	4134	26	18.3	114.9373467	7	1.121615783	1.121392324	1.110389701	1.14375
4.4.2	2017	262	14	4134	26	12	90.23251828	8	1.006324323	1.006123833	0.9962521757	0.8571428571
4.4.2	2017	274	12	4134	26	9	76.02794978	9	0.9892247196	0.9890276366	0.9793237198	0.75
4.4.2	2017	297	23	4134	26	12	85.11219995	10	0.5777858574	0.5776707453	0.5720028867	0.5217391304
4.5.1	2017	170	26	4124	56	9	131.1925561	2	0.4278949544	0.462136082	0.4773807435	0.3461538462
4.5.1	2017	184	14	4123	56	8	113.1554235	3	0.6854071939	0.7402550366	0.7646741156	0.5714285714
4.5.2	2017	215	14	4122	55	12	126.3576278	5	0.7772121773	0.8374612866	0.8638634447	0.8571428571
4.5.2	2017	232	17	4122	55	14.5	163.6192443	6	0.8288036009	0.8930520522	0.9212067882	0.8529411765
4.5.2	2017	248	16	4121	55	8.5	116.1657347	7	0.6252075717	0.6736733581	0.6949118688	0.53125
4.5.2	2017	262	14	4121	55	6	91.4963322	8	0.5627840978	0.6064108469	0.6255288113	0.4285714286
4.5.2	2017	274	12	4121	55	6	77.0215427	9	0.552709762	0.5955555534	0.6143312893	0.5
4.5.2	2017	297	23	4121	55	8	86.59789391	10	0.3242243753	0.3493580909	0.3603721015	0.347826087
5.1.3	2017	168	22	4268	6	61	101.492853	2	1.640042748	1.626545655	1.643160316	2.772727273
5.1.4	2017	246	47	4264	6.5	144.5	373.0999846	7	2.734783351	2.70287982	2.726543175	3.074468085
5.1.4	2017	280	34	4263	6.5	72.5	188.2614769	9	1.907559523	1.885306248	1.901811855	2.132352941
5.3.2	2017	180	14	4279	65	10	95.48151076	3	0.5086370929	0.5604284761	0.5861080728	0.7142857143
5.3.2	2017	199	19	4279	65	15	150.9806784	4	0.5926312569	0.6529752485	0.6828954645	0.7894736842
5.3.2	2017	216	17	4280	65	13.5	139.8284338	5	0.6134276587	0.6758892199	0.7068593852	0.7941176471
5.3.2	2017	230	14	4280	65	11.5	125.3242114	6	0.6676113737	0.7355901289	0.7692958713	0.8214285714
5.3.2	2017	262	32	4279	65	14	192.7221592	8	0.4491572937	0.4948922152	0.5175688511	0.4375
5.3.2	2017	280	18	4279	65	9	96.0415769	9	0.3979271386	0.4384456088	0.4585357843	0.5
5.4.1	2017	168	22	4274	39	9	100.8762295	2	0.5246731101	0.5432414835	0.5474010706	0.4090909091
5.4.1	2017	180	12	4274	39	9	84.48418998	3	0.805595154	0.8341054614	0.8404921869	0.75
5.4.1	2017	199	19	4274	39	21.5	151.459819	4	0.9121504552	0.9444317937	0.9516632853	1.131578947
5.4.1	2017	216	17	4272	39	17	140.4928881	5	0.9456448585	0.9791115762	0.9866086101	1
5.4.1	2017	230	14	4272	39	17	125.9180493	6	1.029159288	1.065581612	1.073740745	1.214285714
5.4.1	2017	246	16	4272	39	8	104.6902704	7	0.7487019867	0.775198824	0.7811345029	0.5
5.4.1	2017	262	16	4271	39	9	89.55778667	8	0.6404806535	0.6631474983	0.6682252028	0.5625
5.4.1	2017	280	18	4274	39	10	96.59912043	9	0.6140776818	0.6358101157	0.6406784986	0.5555555556
5.5.2	2017	180	14	4262	31	21	96.84993671	3	0.9473119668	0.9599459866	0.9563601493	1.5
5.5.2	2017	199	19	4262	31	36	152.6097564	4	1.099892944	1.114561892	1.110398493	1.894736842
5.5.2	2017	216	17	4263	31	22	141.2403992	5	1.137710413	1.15288372	1.148577172	1.294117647
5.5.2	2017	230	14	4263	31	21	126.586117	6	1.238168527	1.254681615	1.249994805	1.5
5.5.2	2017	246	16	4262	31	19	105.615876	7	0.9039219673	0.9159773074	0.9125557133	1.1875
5.5.2	2017	262	16	4262	31	10.5	90.54550743	8	0.774941006	0.7852761653	0.7823427996	0.65625
5.5.2	2017	280	18	4262	31	12.8	97.9372249	9	0.7450698794	0.7550066563	0.7521863611	0.7111111111
6.1.1	2017	168	12	4321	44	12	58.44118008	2	0.5053409516	0.5300748047	0.5380999365	1
6.1.2	2017	218	19	4318	17.5	46.5	154.2556424	5	1.664292576	1.631020184	1.606907191	2.447368421
6.1.2	2017	230	12	4318	17.5	29	104.9201146	6	1.79233724	1.756504991	1.730536831	2.416666667
6.1.2	2017	248	18	4317	17.5	21	112.5925744	7	1.282269943	1.256634914	1.238056831	1.166666667
6.1.2	2017	261	13	4317	17.5	12	65.76000015	8	1.036956818	1.016226068	1.001202187	0.9230769231
6.1.2	2017	279	18	4317	17.5	25.5	93.69492526	9	1.067052486	1.045720066	1.030260147	1.416666667
6.2.3	2017	199	33	4319	12.5	77	239.4092385	4	1.822709961	1.776044731	1.75795388	2.333333333
6.2.3	2017	218	19	4319	12.5	38	154.1639785	5	2.038543157	1.986352141	1.966119092	2
6.2.3	2017	230	12	4319	12.5	24	104.854492	6	2.195312731	2.139108082	2.117319056	2
6.2.3	2017	248	18	4318	12.5	25	112.4874835	7	1.570081865	1.529884449	1.514300996	1.388888889
6.2.3	2017	261	13	4318	12.5	16	65.66839526	8	1.269122819	1.23663059	1.22403423	1.230769231
6.2.3	2017	279	18	4319	12.5	20	93.47357661	9	1.304688868	1.271286074	1.258336712	1.111111111
6.3.2	2017	168	12	4317	11	40	58.74340834	2	1.319177849	1.285887817	1.277130009	3.333333333
6.3.3	2017	218	19	4315	9	51	154.5306341	5	2.426598131	2.372811111	2.371483365	2.684210526
6.3.3	2017	230	12	4315	9	26	105.1169825	6	2.613536155	2.555605541	2.554175509	2.166666667
6.3.3	2017	248	18	4314	9	41.5	112.907847	7	1.871494237	1.830011431	1.828987418	2.305555556
6.3.3	2017	261	13	4314	9	22.5	66.03481481	8	1.515536795	1.481944003	1.481114756	1.730769231
6.3.3	2017	279	18	4314	9	21	94.02694824	9	1.558535535	1.523989649	1.523136875	1.166666667
6.4.1	2017	168	12	4336	32	25	57.30782411	2	0.6382683744	0.6485391753	0.6469893843	2.083333333
6.4.1	2017	199	31	4336	32	35.5	225.7710444	4	0.9733683061	0.9890314227	0.9866679696	1.14516129
6.4.1	2017	218	19	4333	32	23	152.880684	5	1.075399101	1.092704063	1.090092867	1.210526316
6.4.1	2017	230	12	4333	32	16	103.935775	6	1.157589198	1.176216736	1.173405972	1.333333333
6.4.1	2017	248	18	4331	32	19	111.1213024	7	0.8250788806	0.8383557735	0.8363523846	1.055555556
6.4.1	2017	261	13	4332	32	9	64.38592684	8	0.6619394311	0.6725911386	0.6709838715	0.6923076923
6.5.3	2017	199	33	4326	20	47	238.1749722	4	1.354837983	1.33457816	1.315297635	1.424242424
6.5.3	2017	218	19	4326	20	31.5	153.5223313	5	1.516781894	1.494100414	1.472515285	1.657894737
6.5.3	2017	230	12	4326	20	19.5	104.3951335	6	1.633067696	1.608647314	1.585407337	1.625
6.5.3	2017	248	18	4326	20	20	111.6467567	7	1.164337236	1.146926102	1.130356568	1.111111111
6.5.3	2017	261	13	4325	20	6	65.02716105	8	0.9389806051	0.9249393836	0.911576871	0.4615384615
7.1.0	2017	296	18	4479	13	10	36.91272702	10	0.5038548825	0.4910319579	0.4855950555	0.5555555556
7.3.1	2017	183	16	4475	8.6	34.6	94.40235982	3	1.798908047	1.760986678	1.762580923	2.1625
7.3.1	2017	198	15	4476	8.6	33	108.2646989	4	2.200603046	2.15421386	2.156164099	2.2
7.3.1	2017	217	19	4476	8.6	27	136.8712528	5	2.19636613	2.15006626	2.152012744	1.421052632
7.3.1	2017	230	13	4476	8.6	21	103.0860929	6	2.4177023	2.366736616	2.368879255	1.615384615
7.3.1	2017	247	17	4475	8.6	23.7	90.8005544	7	1.628492172	1.594163207	1.595606424	1.394117647
7.3.1	2017	261	14	4475	8.6	11.3	56.52185203	8	1.230933084	1.20498475	1.206075639	0.8071428571
7.3.1	2017	279	18	4475	8.6	8.5	76.46286703	9	1.295162226	1.267859928	1.269007738	0.4722222222
7.3.1	2017	296	17	4475	8.6	3.5	32.95290243	10	0.5910045814	0.5785460777	0.5790698433	0.2058823529
7.4.2	2017	183	16	4474	3.8	57.8	94.49308203	3	2.442612146	2.480574627	2.494954533	3.6125
7.4.2	2017	198	15	4474	3.8	57	108.4098701	4	2.989179847	3.035636949	3.053234555	3.8
7.4.2	2017	217	19	4475	3.8	61.5	136.9644103	5	2.981457422	3.027794504	3.045346648	3.236842105
7.4.2	2017	230	13	4473	3.8	34	103.2954827	6	3.286339734	3.337415222	3.356762239	2.615384615
7.4.2	2017	247	17	4473	3.8	38	90.99894993	7	2.213920084	2.248328289	2.261361862	2.235294118
7.4.2	2017	261	14	4472	3.8	23	56.80868879	8	1.6782676	1.704350824	1.714230957	1.642857143
7.4.2	2017	279	18	4473	3.8	24	76.67270504	9	1.761743838	1.78912443	1.799495995	1.333333333
7.4.3	2017	296	18	4472	7	18	37.27784907	10	0.6920585731	0.6819706079	0.6867501954	1
7.5.1	2017	183	16	4489	5	31	93.1388564	3	2.210573699	2.211797288	2.23692674	1.9375
7.5.1	2017	198	15	4489	5	37	107.3210863	4	2.716989005	2.718492904	2.749379205	2.466666667
7.5.2	2017	217	19	4488	5.5	59	135.753363	5	2.623789522	2.612799685	2.6420141	3.105263158
7.5.2	2017	230	13	4486	5.5	27	102.3881269	6	2.892266071	2.88015171	2.91235546	2.076923077
7.5.2	2017	247	17	4486	5.5	27	89.70937896	7	1.93785343	1.929736661	1.951313565	1.588235294
7.5.2	2017	261	14	4485	5.5	22	55.56923565	8	1.457600084	1.451494874	1.467724428	1.571428571
7.5.2	2017	279	18	4485	5.5	10	75.41897043	9	1.538650887	1.532206192	1.549338201	0.5555555556
7.8.1	2017	183	16	4593	14	24	83.8261375	3	1.232846748	1.202260321	1.187208417	1.5
7.8.1	2017	198	15	4590	14	26	99.98994196	4	1.568608912	1.529692363	1.510541117	1.733333333
7.8.1	2017	217	19	4591	14	30	126.1581427	5	1.56246863	1.523704418	1.50462814	1.578947368
7.8.1	2017	230	13	4589	14	18	95.19907651	6	1.723213166	1.680460948	1.659422129	1.384615385
7.8.1	2017	247	17	4589	14	23	79.49256973	7	1.100340849	1.07304184	1.059607709	1.352941176
7.8.1	2017	261	14	4588	14	8	46.2189992	8	0.7768588589	0.7575853063	0.7481005873	0.5714285714
7.8.1	2017	279	18	4589	14	9	65.35322763	9	0.8543663935	0.8331699104	0.822738897	0.5
8.1.1	2017	168	14	4372	15	16	73.53793012	2	1.185924534	1.157710907	1.14199722	1.142857143
8.1.2	2017	231	13	4369	12.5	29	108.8157274	6	2.102998286	2.049157082	2.0282843	2.230769231
8.1.2	2017	248	17	4369	12.5	26.5	99.88548241	7	1.476196093	1.438402351	1.423750737	1.558823529
8.1.2	2017	261	13	4369	12.5	14	60.99654602	8	1.178833564	1.148652931	1.136952715	1.076923077
8.1.2	2017	279	18	4369	12.5	21	87.93986033	9	1.227450163	1.196024843	1.183842094	1.166666667
8.2.1	2017	168	14	4378	9	26	73.02969506	2	1.556353779	1.521856253	1.521004673	1.857142857
8.2.2	2017	218	19	4375	18.7	41	149.0308007	5	1.539892385	1.512643675	1.490281985	2.157894737
8.2.2	2017	231	13	4375	18.7	23.5	108.3914099	6	1.63688983	1.607924731	1.584154483	1.807692308
8.2.2	2017	248	17	4375	18.7	24.5	99.28551892	7	1.146581489	1.126292496	1.109642306	1.441176471
8.2.2	2017	279	31	4375	18.7	22.8	147.7235758	9	0.9355264166	0.9189720862	0.905386752	0.735483871
8.3.1	2017	168	22	4380	33	33	90.10144559	2	0.534538429	0.5446158231	0.5440636605	1.5
8.3.1	2017	199	31	4380	33	36	218.5515211	4	0.9201571275	0.9375044042	0.9365539088	1.161290323
8.3.1	2017	218	19	4378	33	19.5	148.755809	5	1.02185715	1.041121728	1.040066179	1.026315789
8.3.1	2017	231	13	4380	33	14.7	108.0378119	6	1.084681623	1.105130601	1.104010156	1.130769231
8.3.1	2017	248	17	4377	33	19.8	99.08553108	7	0.7607311063	0.7750728015	0.7742869884	1.164705882
8.3.2	2017	261	13	4377	23	13	60.26370692	8	0.790272684	0.7840282326	0.7741175789	1
8.3.2	2017	279	18	4378	23	16	86.94585825	9	0.8234569026	0.8169502414	0.8066234309	0.8888888889
8.4.2	2017	199	33	4378	24.5	55	229.0061364	4	1.131091817	1.126442951	1.113682393	1.666666667
8.4.2	2017	218	19	4376	24.5	31.5	148.9391368	5	1.277673573	1.272422246	1.258008007	1.657894737
8.4.2	2017	231	13	4378	24.5	20.5	108.1792511	6	1.356329785	1.350755175	1.335453566	1.576923077
8.4.2	2017	248	17	4375	24.5	22.7	99.28551892	7	0.9519226693	0.9480102007	0.9372709626	1.335294118
8.4.2	2017	261	13	4378	24.5	6.3	60.17210203	8	0.7544257645	0.7513250219	0.7428138706	0.4846153846
8.4.2	2017	279	18	4375	24.5	19.5	87.27665907	9	0.7902969189	0.7870487434	0.778132907	1.083333333
8.5.2	2017	199	33	4364	4	68	231.4746691	4	2.858642823	2.894744868	2.916646284	2.060606061
8.5.2	2017	218	19	4364	4	35.5	150.0391035	5	3.218260707	3.258904397	3.283561016	1.868421053
8.5.2	2017	231	13	4364	4	28.5	109.1693253	6	3.422375334	3.465596805	3.491817243	2.192307692
8.5.2	2017	248	17	4364	4	25	100.385452	7	2.406535213	2.436927552	2.455365157	1.470588235
8.5.2	2017	261	13	4363	4	8	61.54617534	8	1.929425796	1.95379268	1.968574924	0.6153846154
8.5.2	2017	279	18	4364	4	16.5	88.49323195	9	2.003585661	2.028889115	2.044239534	0.9166666667
10.1.1	2017	183	15	4563	6	30	81.62888578	3	1.93461699	1.918695634	1.938294516	2
10.1.1	2017	198	15	4564	6	36	101.8771672	4	2.414504335	2.39463364	2.419094082	2.4
10.1.1	2017	217	19	4565	6	30	128.5802371	5	2.405819326	2.386020107	2.410392564	1.578947368
10.1.1	2017	230	13	4564	6	20	96.94399164	6	2.651062298	2.629244797	2.65610172	1.538461538
10.1.1	2017	247	17	4563	6	22	82.0711509	7	1.716263595	1.702139226	1.719526051	1.294117647
10.1.1	2017	261	14	4563	6	13	48.40692677	8	1.229198053	1.219082097	1.231534644	0.9285714286
10.1.1	2017	279	18	4563	6	17	67.73694036	9	1.337813145	1.326803317	1.340356203	0.9444444444
10.2.3	2017	217	19	4620	3.5	64	123.4565758	5	2.748665602	2.80440323	2.810738926	3.368421053
10.2.3	2017	230	13	4618	3.5	46	93.17497495	6	3.03191634	3.093397746	3.100386337	3.538461538
10.2.3	2017	247	17	4617	3.5	41	76.72593151	7	1.909213645	1.94792881	1.952329562	2.411764706
10.2.3	2017	261	14	4616	3.5	24	43.84048382	8	1.324672693	1.351534496	1.354587877	1.714285714
10.2.3	2017	279	18	4616	3.5	22	62.94474454	9	1.479272731	1.509269524	1.512679259	1.222222222
10.2.4	2017	296	19	4616	4	9	34.25171028	10	0.7346813649	0.7439597187	0.7495884604	0.4736842105
10.3.3	2017	183	15	4560	6	64	81.87889689	3	1.940542291	1.924572172	1.944231081	4.266666667
10.3.3	2017	198	15	4560	6	64	102.1675096	4	2.421385494	2.401458169	2.425988321	4.266666667
10.3.4	2017	230	13	4558	4	63	97.36277128	6	3.052248844	3.090795955	3.114180679	4.846153846
10.3.4	2017	247	17	4559	4	57	82.46794196	7	1.976999678	2.001967376	2.017114106	3.352941176
10.3.4	2017	261	14	4558	4	61	48.85351724	8	1.422126287	1.440086441	1.450982024	4.357142857
10.3.5	2017	296	19	4557	1.5	31	36.98174184	10	0.9708847561	1.03642954	0.9661557626	1.631578947
10.5.2	2017	230	13	4562	4	60.5	97.08358485	6	3.043496561	3.08193314	3.105250808	4.653846154
10.5.2	2017	247	17	4562	4	45.5	82.17034866	7	1.969865489	1.994743089	2.009835161	2.676470588
10.5.2	2017	261	14	4561	4	31	48.58546269	8	1.414323217	1.432184826	1.443020625	2.214285714
10.5.2	2017	279	18	4561	4	32.5	67.92310867	9	1.537855083	1.557276786	1.569059022	1.805555556
10.5.3	2017	296	19	4561	3	45	36.79116424	10	0.8514696952	0.8763974531	0.8706328328	2.368421053
10.6.2	2017	183	15	4547	4	56	82.9650713	3	2.254106311	2.282573613	2.299843388	3.733333333
10.6.2	2017	198	15	4547	4	59	103.1111222	4	2.801461237	2.836841131	2.858304452	3.933333333
10.6.3	2017	230	13	4546	2	48	98.20033054	6	3.606405351	3.79570621	3.6435357	3.692307692
10.6.3	2017	247	17	4545	2	35	83.8567107	7	2.355015897	2.478631101	2.379262357	2.058823529
10.6.3	2017	261	14	4545	2	27	50.01939334	8	1.705749787	1.795284897	1.723311619	1.928571429
10.6.3	2017	279	18	4545	2	25	69.43097185	9	1.841559183	1.938222953	1.860519264	1.388888889
10.6.4	2017	296	19	4545	4	18.5	37.56025981	10	0.8056480309	0.8158226289	0.8219950798	0.9736842105
12.5.0	2017	296	18	4609	5	19.5	31.113639	10	0.65640576	0.6567690916	0.6642310084	1.083333333
13.1.0	2017	168	23	4338	42	8	94.31624141	2	0.441978017	0.461229977	0.4668273745	0.347826087
13.1.1	2017	216	17	4336	53	22	135.1772535	5	0.7065867414	0.7577898871	0.7794521998	1.294117647
13.1.1	2017	231	15	4336	53	17	128.5779124	6	0.7617034071	0.8169006084	0.8402526703	1.133333333
13.2.1	2017	216	17	4326	28.5	23.5	136.0078214	5	1.167329427	1.174917718	1.166770944	1.382352941
13.2.1	2017	231	15	4325	28.5	15	129.4505059	6	1.259189125	1.267374555	1.258586693	1
13.2.1	2017	246	15	4326	28.5	9	92.2304643	7	0.8971428641	0.9029747919	0.8967136454	0.6
13.2.1	2017	262	16	4325	28.5	4	83.6314621	8	0.7626550986	0.7676127811	0.7622902227	0.25
13.2.1	2017	274	12	4325	28.5	4	61.42977687	9	0.7469235678	0.7517789866	0.7465662183	0.3333333333
13.3.1	2017	216	17	4339	41	17.5	134.9280832	5	0.8723366732	0.9079688942	0.9176276818	1.029411765
13.3.1	2017	231	15	4339	41	15.5	128.3399324	6	0.9403753759	0.9787867648	0.9891988984	1.033333333
13.3.1	2017	246	15	4339	41	12.5	91.09343725	7	0.6674619793	0.6947257107	0.7021160608	0.8333333333
13.3.1	2017	262	16	4339	41	9.5	82.09500758	8	0.5639329438	0.5869678384	0.5932118823	0.59375
13.3.1	2017	274	12	4339	41	6	60.35975373	9	0.5528367617	0.575418412	0.5815395955	0.5
13.4.1	2017	216	17	4364	23	24	132.8516634	5	1.332240266	1.321713381	1.305006019	1.411764706
13.4.1	2017	231	15	4364	23	18	126.3567653	6	1.436057142	1.424709933	1.406700624	1.2
13.4.1	2017	246	15	4364	23	16	88.90684677	7	1.010435112	1.002451016	0.9897793485	1.066666667
13.4.1	2017	262	16	4364	23	11	79.35133879	8	0.8454710793	0.83879047	0.8281875841	0.6875
13.4.1	2017	274	12	4364	23	9	58.44899811	9	0.8303483095	0.8237871949	0.8133739606	0.75
13.5.1	2017	216	17	4367	28	21.5	132.6024931	5	1.15321107	1.159146388	1.150407686	1.264705882
13.5.1	2017	231	15	4367	28	25.5	126.1187853	6	1.24306705	1.249464836	1.240045232	1.7
13.5.1	2017	246	15	4367	28	11	88.64445591	7	0.8737080845	0.8782048632	0.8715841549	0.7333333333
13.5.1	2017	262	16	4367	28	11	79.02209854	8	0.7301878644	0.7339459769	0.7284128235	0.6875
13.5.1	2017	274	12	4367	28	12	58.21970744	9	0.7172900514	0.7209817817	0.7155463642	1
14.2.0	2017	296	17	4424	12	6	35.37424902	10	0.5348583187	0.5211515878	0.5163655875	0.3529411765