152.01	0.463935
152.02	0.4044025
152.03	-0.16115625
152.04	-0.3099875
152.05	-0.33975375
152.06	-0.488585
152.07	-0.28022125
152.08	1.20809125
152.09	3.0238325
152.1	3.82752125
152.11	4.95863875
152.12	5.49443125
152.13	6.50648375
152.14	5.82186
152.15	6.38741875
152.16	6.38741875
152.17	6.14928875
152.18	5.0479375
152.19	3.1428975
152.2	2.24991
152.21	1.8331825
152.22	1.7141175
152.23	0.2853374999
152.24	-0.4290525
153.01	-0.33975375
153.02	0.225805
153.03	0.73183125
153.04	0.61276625
153.05	0.55323375
153.06	0.73183125
153.07	1.68435125
153.08	4.0954175
153.09	4.8098075
153.1	6.20882125
153.11	7.7269
153.12	8.64965375
153.13	9.84030375
153.14	10.465395
153.15	10.43562875
153.16	9.87007
153.17	9.274745
153.18	7.845965
153.19	6.14928875
153.2	4.39308
153.21	3.797755
153.22	3.58939125
153.23	4.6907425
153.24	4.72050875
154.01	4.15495
154.02	4.18471625
154.03	4.36331375
154.04	4.18471625
154.05	4.30378125
154.06	4.06565125
154.07	5.3456
154.08	8.5008225
154.09	10.79282375
154.1	12.5490325
154.11	13.1443575
154.12	13.91828
154.13	15.227995
154.14	15.55542375
154.15	15.704255
154.16	14.84103375
154.17	13.8587475
154.18	11.68581125
154.19	9.989135
154.2	8.8580175
154.21	8.2626925
154.22	8.91755
154.23	8.64965375
154.24	8.20316
155.01	8.17339375
155.02	7.51853625
155.03	7.25064
155.04	6.68508125
155.05	5.79209375
155.06	5.1670025
155.07	6.089756251
155.08	9.42357625
155.09	11.1202525
155.1	11.656045
155.11	12.40020125
155.12	13.68015
155.13	14.4540725
155.14	15.58519
155.15	15.37682625
155.16	15.2875275
155.17	14.39454
155.18	12.72763
155.19	10.55469375
155.2	8.64965375
155.21	7.93526375
155.22	7.28040625
155.23	6.9529775
155.24	6.62554875
156.01	6.417185
156.02	6.92321125
156.03	5.61349625
156.04	5.702795
156.05	6.29812
156.06	6.38741875
156.07	7.04227625
156.08	8.67942
156.09	8.7389525
156.1	10.2867975
156.11	11.38814875
156.12	12.9062275
156.13	14.3350075
156.14	15.10893
156.15	14.60290375
156.16	14.15641
156.17	11.86440875
156.18	9.989135
156.19	7.69713375
156.2	6.655315
156.21	5.6432625
156.22	5.43489875
156.23	6.0004575
156.24	5.01817125
157.01	4.86934
157.02	4.5716775
157.03	3.94658625
157.04	4.15495
157.05	3.797755
157.06	3.70845625
157.07	4.541911251
157.08	7.637601251
157.09	9.15568
157.1	8.82825125
157.11	10.07843375
157.12	12.10253875
157.13	13.11459125
157.14	13.53131875
157.15	13.3824875
157.16	12.99552625
157.17	10.37609625
157.18	7.607835
157.19	6.179054999
157.2	4.42284625
157.21	3.5000925
157.22	3.17266375
157.23	2.69640375
157.24	2.4285075
158.01	2.87500125
158.02	2.9643
158.03	2.24991
158.04	2.51780625
158.05	2.27967625
158.06	2.4285075
158.07	2.3094425
158.08	2.04154625
158.09	1.08902625
158.1	0.8806625002
158.11	1.86294875
158.12	1.3569225
158.13	1.74388375
158.14	2.24991
158.15	1.74388375
158.16	1.654585
158.17	2.33920875
158.18	3.70845625
158.19	3.23219625
158.2	2.81546875
158.21	2.22014375
158.22	2.368975
158.23	2.607105
158.24	1.98201375
159.01	1.08902625
159.02	1.02949375
159.03	1.26762375
159.04	1.05926
159.05	0.85089625
159.06	0.8806625
159.07	2.696403751
159.08	4.78004125
159.09	6.56601625
159.1	6.53625
159.11	6.03022375
159.12	7.33993875
159.13	7.99479625
159.14	8.23292625
159.15	7.63760125
159.16	8.23292625
159.17	7.935263749
159.18	5.494431249
159.19	4.39308
159.2	4.2144825
159.21	3.559625
159.22	2.845235
159.23	2.27967625
159.24	2.81546875
160.01	2.517806249
160.02	1.416455
160.03	1.5950525
160.04	2.27967625
160.05	1.44622125
160.06	2.368975
160.07	1.29739
160.08	2.16061125
160.09	1.9522475
160.1	1.80341625
160.11	1.9522475
160.12	2.368975
160.13	3.316179599
160.14	5.010233584
160.15	6.242556333
160.16	5.609527416
160.17	2.680528416
160.18	1.347000416
160.19	0.7774728335
160.2	0.91042875
160.21	0.7417533331
160.22	0.5572025834
160.23	0.8290676668
160.24	1.104901584
161.01	1.31524975
161.02	0.8310520831
161.03	0.3369323332
161.04	0.1325374166
161.05	0.2932751668
161.06	0.5056077501
161.07	1.140621084
161.08	3.303635251
161.09	4.895137417
161.1	6.88749175
161.11	7.06608925
161.12	8.161487251
161.13	9.014786417
161.14	9.473186667
161.15	9.975244084
161.16	9.586298416
161.17	8.939378582
161.18	7.129590583
161.19	5.790109332
161.2	4.164872083
161.21	3.246087166
161.22	2.722201167
161.23	2.501930916
161.24	2.081234583
162.01	1.557348583
162.02	1.400579666
162.03	0.7794572498
162.04	0.73183125
162.05	0.4778259165
162.06	-0.2544238334
162.07	1.563301835
162.08	4.176778585
162.09	6.33979275
162.1	5.113423249
162.11	3.670752333
162.12	3.631064
162.13	4.097401917
162.14	4.051760333
162.15	3.27982225
162.16	3.583438
162.17	3.259978082
162.18	1.08902625
162.19	1.779603251
162.2	2.436445167
162.21	2.916674
162.22	2.990097417
162.23	2.694419333
162.24	1.882792917
163.01	1.926450083
163.02	0.67229875
163.03	0.9739300834
163.04	1.122761333
163.05	0.8806625
163.06	1.102917166
163.07	2.033608585
163.08	4.736384084
163.09	4.726462001
163.1	6.467193719
163.11	8.258614932
163.12	9.176568597
163.13	9.937540167
163.14	11.02641314
163.15	11.03095375
163.16	10.45944175
163.17	8.619887499
163.18	6.982743749
163.19	5.077703749
163.2	2.964299999
163.21	2.24991
163.22	2.33920875
163.23	2.45827375
163.24	2.1903775
164.01	2.4285075
164.02	2.27967625
164.03	2.24991
164.04	2.16061125
164.05	1.74388375
164.06	1.44622125
164.07	2.339208752
164.08	5.405132501
164.09	6.655315001
164.1	7.637601251
164.11	9.00684875
164.12	9.63194
164.13	9.870070001
164.14	11.26908375
164.15	11.06072
164.16	10.58446
164.17	8.018781806
164.18	7.437175167
164.19	6.514421415
164.2	4.58953725
164.21	4.367282583
164.22	3.535812
164.23	3.073442916
164.24	2.620995917
165.01	2.7857025
165.02	2.992081833
165.03	2.716247916
165.04	2.176486583
165.05	2.176486583
165.06	1.8808085
165.07	2.001857917
165.08	4.738368502
165.09	6.762473501
165.1	7.633632417
165.11	9.203306001
165.12	10.26100008
165.13	10.798777
165.14	10.14193508
165.15	7.758650664
165.16	7.655461002
165.17	8.703232999
165.18	7.665383082
165.19	5.669059916
165.2	4.813776333
165.21	4.27996825
165.22	3.742191333
165.23	3.3095885
165.24	3.099240333
166.01	3.377058667
166.02	3.162741666
166.03	2.376912666
166.04	1.67244475
166.05	1.987967001
166.06	2.795624584
166.07	3.2619625
166.08	4.373235835
166.09	6.002441918
166.1	7.00655675
166.11	8.1674405
166.12	9.233072251
166.13	10.19749875
166.14	9.554547749
166.15	8.717123917
166.16	8.865955166
166.17	8.312302916
166.18	6.496561664
166.19	2.327302249
166.2	1.341047167
166.21	2.537650417
166.22	2.303489249
166.23	1.876839667
166.24	1.86294875
167.01	1.66053825
167.02	1.1187925
167.03	1.456143334
167.04	1.920496833
167.05	2.319364584
167.06	2.319364583
167.07	2.628933584
167.08	2.35111525
167.09	4.158918835
167.1	7.435190752
167.11	7.371689415
167.12	7.643554501
167.13	8.272614584
167.14	8.588136833
167.15	8.032500166
167.16	7.175232166
167.17	5.41108575
167.18	4.359344916
167.19	3.301650833
167.2	2.49399325
167.21	2.349130834
167.22	2.57733875
167.23	2.859125917
167.24	2.664653083
168.01	3.186554667
168.02	2.908736333
168.03	2.107031999
168.04	1.966138417
168.05	1.878824083
168.06	1.950263084
168.07	2.452320501
168.08	4.291874751
168.09	5.867501586
168.1	8.357944501
168.11	8.89969025
168.12	9.830381668
168.13	10.75313542
168.14	11.46355658
168.15	11.67192033
168.16	11.12422133
168.17	9.397778832
168.18	7.431221915
168.19	5.994504249
168.2	4.748290582
168.21	4.12518375
168.22	3.799739416
168.23	3.793786167
168.24	5.153111585
169.01	4.454596915
169.02	3.89896025
169.03	4.075573332
169.04	2.819437583
169.05	2.634886834
169.06	2.593214083
169.07	2.749983001
169.08	5.254316836
169.09	8.193237918
169.1	8.546113893
169.11	9.344199584
169.12	10.59438208
169.13	12.20175958
169.14	12.53911042
169.15	12.81692875
169.16	10.86227833
169.17	9.115991666
169.18	7.697133749
169.19	6.486639583
169.2	5.940924999
169.21	5.147158333
169.22	5.097547917
169.23	5.127314167
169.24	4.6907425
170.01	4.918950417
170.02	4.551833333
170.03	4.313703333
170.04	4.145027917
170.05	3.867209583
170.06	3.867209583
170.07	3.926742083
170.08	4.412924167
170.09	4.859417917
170.1	5.663106667
170.11	5.573807916
170.12	5.097547917
170.13	6.357652501
170.14	8.103939168
170.15	8.8580175
170.16	8.004718333
170.17	7.439159582
170.18	5.921080832
170.19	4.363313749
170.2	3.351261249
170.21	3.202430001
170.22	4.164872084
170.23	4.48237875
170.24	4.700664583
171.01	4.373235833
171.02	4.3335475
171.03	3.371105416
171.04	2.884923333
171.05	3.242118334
171.06	3.767988751
171.07	4.909028335
171.08	5.047937499
171.09	4.948716667
171.1	5.176924584
171.11	4.670898332
171.12	4.353391667
171.13	4.39308
171.14	4.621287917
171.15	4.154949999
171.16	3.76798875
171.17	3.678690001
171.18	4.819729585
171.19	5.524197498
171.2	3.162741665
171.21	2.289598333
171.22	2.359052917
171.23	2.359052917
171.24	2.974222084
172.01	3.430637917
172.02	2.666637499
172.03	2.57733875
172.04	2.537650417
172.05	2.507884167
172.06	2.527728333
172.07	2.597182918
172.08	4.293859168
172.09	3.480248332
172.1	3.093287083
172.11	3.490170417
172.12	3.896975833
172.13	4.234326667
172.14	3.758066666
172.15	4.184716251
172.16	5.722639168
172.17	4.482378748
172.18	4.690742501
172.19	3.569547081
172.2	2.408663332
172.21	1.148558749
172.22	1.317234168
172.23	2.031624167
172.24	2.329286667
173.01	1.952247499
173.02	0.9501170831
173.03	0.7615975
173.04	0.6226883331
173.05	0.5234675
173.06	0.43416875
173.07	0.7715195841
173.08	3.549702921
173.09	6.496561669
173.1	6.308042082
173.11	6.913289168
173.12	8.2626925
173.13	8.867939584
173.14	8.748874583
173.15	8.05432875
173.16	9.870070002
173.17	8.887783747
173.18	6.933133331
173.19	4.303781248
173.2	3.033754583
173.21	3.033754583
173.22	3.093287084
173.23	3.837443334
173.24	4.06565125
174.01	3.738222499
174.02	3.390949583
174.03	3.321495
174.04	3.132975417
174.05	3.252040416
174.06	2.855157083
174.07	4.313703337
174.08	6.20882125
174.09	7.062120417
174.1	7.587990835
174.11	9.225134584
174.12	10.69360292
174.13	11.55682417
174.14	12.132305
174.15	11.93386333
174.16	11.91401917
174.17	11.38814875
174.18	9.056459163
174.19	7.111730833
174.2	5.921080832
174.21	5.236457084
174.22	5.663106666
174.23	4.403002083
174.24	4.680820416
175.01	4.363313751
175.02	4.750275
175.03	4.641132083
175.04	4.740352917
175.05	4.968560833
175.06	4.730430833
175.07	5.494431253
175.08	7.0720425
175.09	9.135835836
175.1	10.99126542
175.11	12.42004542
175.12	13.12451333
175.13	13.322955
175.14	13.31303292
175.15	13.54124083
175.16	13.76944875
175.17	11.80487625
175.18	9.631939999
175.19	8.133705415
175.2	7.16134125
175.21	7.181185417
175.22	6.645392915
175.23	6.288197917
175.24	6.4767175
176.01	6.476717499
176.02	5.980613333
176.03	5.85162625
176.04	5.990535417
176.05	5.583729999
176.06	5.365444167
176.07	5.454742917
176.08	6.516405837
176.09	8.996926667
176.1	10.12804417
176.11	11.40799292
176.12	12.82685083
176.13	13.77937084
176.14	14.39454
176.15	14.4540725
176.16	13.21381208
176.17	12.10253875
176.18	11.09048625
176.19	9.115991666
176.2	8.431367916
176.21	7.617757083
176.22	7.716977917
176.23	7.6673675
176.24	7.449081667
177.01	7.171263333
177.02	6.159210832
177.03	5.2860675
177.04	5.266223333
177.05	5.127314167
177.06	4.958638749
177.07	4.313703333
177.08	4.770119167
177.09	6.139366669
177.1	9.393810004
177.11	11.39807084
177.12	14.04726709
177.13	13.96789042
177.14	14.04726708
177.15	13.64046167
177.16	12.77724041
177.17	10.57453791
177.18	9.274745
177.19	8.798484999
177.2	7.786432499
177.21	7.4292375
177.22	7.081964583
177.23	7.032354167
177.24	7.032354167
178.01	6.853756667
178.02	6.80414625
178.03	6.179054999
178.04	5.901236666
178.05	5.444820833
178.06	5.276145417
178.07	5.186846667
178.08	5.931002919
178.09	8.371835416
178.1	7.10180875
178.11	7.449898779
178.12	8.119814502
178.13	9.786724502
178.14	11.584606
178.15	11.53102675
178.16	11.05476675
178.17	11.12620575
178.18	10.0962935
178.19	8.721092748
178.2	7.536396
178.21	7.179201
178.22	6.893444999
178.23	6.45885775
178.24	6.470764251
179.01	6.57792275
179.02	6.10166275
179.03	5.708748249
179.04	4.70860225
179.05	4.49428525
179.06	4.2621085
179.07	5.030077752
179.08	6.839865753
179.09	9.63789325
179.1	10.53088075
179.11	11.24527075
179.12	8.560354997
179.13	6.899398249
179.14	6.941071
179.15	8.078141752
179.16	8.471056249
179.17	6.899398249
179.18	7.238733502
179.19	7.834058498
179.2	6.327886249
179.21	5.678981999
179.22	5.70874825
179.23	5.54205725
179.24	6.12547575
180.01	6.1671485
180.02	5.422992249
180.03	5.137236249
180.04	3.285775498
180.05	2.63687125
180.06	3.190523502
180.07	4.428799501
180.08	5.036031001
180.09	6.250494002
180.1	7.709040252
180.11	7.488769998
180.12	6.274306999
180.13	7.369705002
180.14	7.869777999
180.15	8.3435345
180.16	9.676126424
180.17	9.208557703
180.18	7.308016666
180.19	6.730516667
180.2	6.519633333
180.21	6.22605
180.22	5.703949999
180.23	5.185933333
180.24	4.831183333
181.01	4.627766667
181.02	4.5736
181.03	4.374266666
181.04	4.1701
181.05	4.436666667
181.06	4.406333333
181.07	4.3266
181.08	4.475666667
181.09	5.136883334
181.1	5.632800001
181.11	5.892933333
181.12	6.120583334
181.13	6.379400001
181.14	6.531566665
181.15	6.465200001
181.16	6.90135
181.17	6.520733333
181.18	6.361033333
181.19	6.207683333
181.2	5.8623
181.21	5.664566666
181.22	5.360233334
181.23	5.299033333
181.24	4.896
182.01	5.006916667
182.02	4.844616666
182.03	4.6217
182.04	4.719566667
182.05	5.045116667
182.06	4.636
182.07	4.879450001
182.08	5.554616668
182.09	6.785100002
182.1	7.727533333
182.11	7.4319
182.12	7.775783335
182.13	8.62435
182.14	8.243416665
182.15	8.659516668
182.16	8.573433333
182.17	8.202966666
182.18	7.799099999
182.19	7.309333333
182.2	6.889233333
182.21	6.76755
182.22	6.731933333
182.23	6.245833333
182.24	5.99065
183.01	5.918933333
183.02	6.109716667
183.03	5.931933333
183.04	5.498816665
183.05	5.377800001
183.06	5.273016667
183.07	6.326666669
183.08	8.059183338
183.09	10.79416667
183.1	11.69858333
183.11	10.92756667
183.12	11.18236667
183.13	11.36078333
183.14	10.2774
183.15	9.214266666
183.16	8.589499999
183.17	8.1676
183.18	8.048666665
183.19	7.3022
183.2	7.072049999
183.21	6.79085
183.22	6.737716666
183.23	6.607583333
183.24	6.143166666
184.01	5.917333334
184.02	6.038833333
184.03	5.987133333
184.04	5.815933333
184.05	5.273733333
184.06	5.549883334
184.07	5.790600001
184.08	6.726066667
184.09	7.745500001
184.1	8.966800002
184.11	9.377300001
184.12	10.0632
184.13	10.62581667
184.14	11.21968333
184.15	11.0876
184.16	10.1718
184.17	9.139033331
184.18	8.071666666
184.19	7.647283333
184.2	7.382283333
184.21	7.032766667
184.22	6.714349999
184.23	6.411616667
184.24	6.392933333
185.01	6.278333333
185.02	6.038833333
185.03	5.911516666
185.04	5.510033333
185.05	5.464733333
185.06	5.454083333
185.07	6.469350004
185.08	9.345666669
185.09	9.216399999
185.1	9.868983336
185.11	11.2646
185.12	11.5957
185.13	12.7527
185.14	12.59386667
185.15	12.33988333
185.16	13.0737
185.17	12.26196666
185.18	10.35526666
185.19	8.737066665
185.2	7.918333333
185.21	7.6555
185.22	7.510049999
185.23	7.13335
185.24	7.214200001
186.01	7.129866666
186.02	7.098916667
186.03	6.883249998
186.04	6.422333334
186.05	6.003916666
186.06	5.989783334
186.07	6.361483333
186.08	6.837633335
186.09	7.68055
186.1	7.14895
186.11	8.171783336
186.12	9.385533332
186.13	8.34425
186.14	8.540516667
186.15	8.162483333
186.16	8.133083332
186.17	7.694566667
186.18	7.433583332
186.19	6.937116666
186.2	6.846183333
186.21	6.60805
186.22	6.472433333
186.23	6.2601
186.24	6.060316666
187.01	5.920133334
187.02	5.543749999
187.03	5.366
187.04	5.418233334
187.05	5.003966666
187.06	5.159800001
187.07	5.116483333
187.08	5.219400001
187.09	5.919616668
187.1	6.412233334
187.11	6.887666666
187.12	6.219750001
187.13	6.49665
187.14	5.931349999
187.15	5.379866667
187.16	5.498716666
187.17	5.576183334
187.18	5.73515
187.19	5.7697
187.2	5.509033334
187.21	5.588466666
187.22	5.512383333
187.23	5.646349999
187.24	5.1975
188.01	5.156616665
188.02	5.010250001
188.03	4.933866667
188.04	5.145833333
188.05	5.162033334
188.06	5.146866667
188.07	5.067516667
188.08	5.934183335
188.09	6.496266667
188.1	6.634633332
188.11	6.532266668
188.12	7.096250001
188.13	8.229550001
188.14	8.565216666
188.15	8.300149999
188.16	7.951666667
188.17	7.821166666
188.18	7.555199999
188.19	7.176633333
188.2	6.963083333
188.21	6.962016668
188.22	7.230316666
188.23	6.8236
188.24	6.555116666
189.01	6.796099999
189.02	6.066
189.03	5.589083333
189.04	5.6719
189.05	5.877300001
189.06	5.840966665
189.07	5.303633334
189.08	7.000400006
189.09	9.830266668
189.1	10.17325
189.11	10.77995
189.12	11.89008333
189.13	13.05216667
189.14	13.76988333
189.15	13.59008333
189.16	13.24678333
189.17	12.32871666
189.18	10.44106666
189.19	9.448683333
189.2	8.666149999
189.21	8.3964
189.22	8.211416666
189.23	8.0925
189.24	7.761416666
190.01	7.75875
190.02	7.869266666
190.03	7.54115
190.04	7.567266667
190.05	6.953099998
190.06	6.809816669
190.07	8.370783336
190.08	9.258900001
190.09	10.37101667
190.1	12.73131667
190.11	14.43748333
190.12	13.64571667
190.13	14.78043333
190.14	14.20676667
190.15	14.0389
190.16	12.62453333
190.17	11.18356666
190.18	9.978366665
190.19	9.099849999
190.2	8.681799999
190.21	8.346466666
190.22	8.327416666
190.23	7.949583333
190.24	7.833199999
191.01	7.712483334
191.02	7.501483333
191.03	7.151133334
191.04	7.048633333
191.05	6.860350001
191.06	7.210266666
191.07	8.148166672
191.08	10.4159
191.09	9.527616663
191.1	9.26561667
191.11	11.3423
191.12	12.19021667
191.13	12.8631
191.14	13.93633333
191.15	13.82011667
191.16	12.79318333
191.17	11.39113333
191.18	10.07161666
191.19	8.959249999
191.2	8.029816666
191.21	7.599533332
191.22	7.318
191.23	7.28745
191.24	7.0321
192.01	6.482733333
192.02	6.820683333
192.03	6.241183332
192.04	6.29245
192.05	6.268400001
192.06	6.263116668
192.07	6.752216666
192.08	6.257766667
192.09	7.107450003
192.1	8.576000004
192.11	8.803099997
192.12	8.513283336
192.13	9.422350001
192.14	9.686183331
192.15	8.990833332
192.16	7.917083333
192.17	7.614849999
192.18	7.369966666
192.19	7.094616666
192.2	6.665999999
192.21	6.526766667
192.22	6.26845
192.23	6.13655
192.24	5.926749999
193.01	5.815966667
193.02	5.907866666
193.03	5.721249999
193.04	5.268166668
193.05	5.412566666
193.06	5.24375
193.07	5.479933334
193.08	7.015066672
193.09	7.954749998
193.1	7.676483334
193.11	7.831283332
193.12	8.052050001
193.13	7.554449999
193.14	7.2634
193.15	7.479816667
193.16	7.845099999
193.17	7.414799999
193.18	6.917633333
193.19	6.417283332
193.2	6.0031
193.21	5.83655
193.22	5.803616667
193.23	5.501949999
193.24	5.486250001
194.01	5.634516666
194.02	5.480133333
194.03	5.162933332
194.04	4.93845
194.05	4.934566666
194.06	4.705333333
194.07	4.750516667
194.08	5.288666669
194.09	6.393700001
194.1	7.560883338
194.11	9.382233333
194.12	8.779766666
194.13	9.768983337
194.14	10.96043333
194.15	9.974899999
194.16	10.17216666
194.17	8.800699998
194.18	7.662399998
194.19	6.874966665
194.2	6.300083333
194.21	6.075083333
194.22	6.03765
194.23	5.895716666
194.24	5.808949999
195.01	5.66805
195.02	5.467583333
195.03	5.417866667
195.04	5.30875
195.05	5.3114
195.06	5.162483333
195.07	5.320916667
195.08	5.938033335
195.09	6.556250001
195.1	7.706150005
195.11	9.723083333
195.12	10.06323333
195.13	10.5536
195.14	11.02798333
195.15	11.56191667
195.16	11.17986667
195.17	10.48765
195.18	8.794516662
195.19	7.560316667
195.2	7.323633332
195.21	7.25065
195.22	7.01095
195.23	6.815833333
195.24	6.62325
196.01	6.5318
196.02	6.3307
196.03	6.182533333
196.04	6.147899999
196.05	5.88555
196.06	5.790916667
196.07	5.950483333
196.08	6.451916668
196.09	7.910550002
196.1	7.961466669
196.11	8.647316669
196.12	10.2792
196.13	10.65473333
196.14	11.527
196.15	10.82361667
196.16	10.14711667
196.17	9.628449996
196.18	8.668933332
196.19	8.136666666
196.2	7.94125
196.21	7.727
196.22	7.478266666
196.23	7.248549999
196.24	6.977733334
197.01	6.725183332
197.02	6.769783334
197.03	6.60805
197.04	6.420349999
197.05	6.31465
197.06	6.211316666
197.07	6.210466667
197.08	6.652166668
197.09	7.832150002
197.1	7.717166667
197.11	8.558333336
197.12	9.53495
197.13	10.48648333
197.14	10.5285
197.15	10.06155
197.16	8.45593333
197.17	8.106000001
197.18	7.601133331
197.19	7.335450001
197.2	7.404199999
197.21	7.240116666
197.22	6.579199998
197.23	6.425366667
197.24	6.8289
198.01	6.440916667
198.02	6.108916666
198.03	5.702549999
198.04	5.53275
198.05	5.398016666
198.06	5.467816667
198.07	5.467233334
198.08	6.360600004
198.09	9.09548334
198.1	9.529583329
198.11	8.570216666
198.12	8.284666667
198.13	8.323066666
198.14	8.143316666
198.15	8.245166667
198.16	8.153499999
198.17	7.562383332
198.18	7.292016666
198.19	7.004416667
198.2	6.717033333
198.21	6.468999999
198.22	6.367533333
198.23	6.41645
198.24	6.324849999
199.01	6.323083333
199.02	6.1272
199.03	5.533233331
199.04	4.961616666
199.05	4.681933333
199.06	4.417166666
199.07	4.198083334
199.08	4.592966668
199.09	5.64466667
199.1	7.036366666
199.11	6.713983334
199.12	7.336266666
199.13	7.092383334
199.14	7.873616668
199.15	7.86
199.16	7.538616666
199.17	6.856366665
199.18	6.1946
199.19	6.311366667
199.2	6.51605
199.21	6.506083333
199.22	6.240699999
199.23	6.1083
199.24	6.126133333
200.01	5.935233332
200.02	5.474633333
200.03	5.351883333
200.04	5.203099999
200.05	4.783333333
200.06	4.485566665
200.07	4.10795
200.08	4.352166668
200.09	5.55696667
200.1	6.957366671
200.11	9.260266671
200.12	10.22783333
200.13	8.828649997
200.14	8.376550001
200.15	8.834233333
200.16	8.247416667
200.17	8.658799999
200.18	7.822299998
200.19	7.452616668
200.2	7.328316663
200.21	6.132966666
200.22	6.273916667
200.23	6.309183333
200.24	6.014916667
201.01	6.155249999
201.02	5.758366667
201.03	5.797433333
201.04	5.407916666
201.05	5.280583333
201.06	5.0955
201.07	5.14725
201.08	5.688800004
201.09	7.045049999
201.1	6.896933334
201.11	8.437950005
201.12	10.14663333
201.13	10.88015
201.14	11.52325
201.15	10.89746667
201.16	9.627883329
201.17	8.394883332
201.18	8.071899999
201.19	8.046
201.2	7.416616665
201.21	7.358883333
201.22	6.875049999
201.23	6.543066666
201.24	6.179099999
202.01	5.7182
202.02	5.624933333
202.03	5.342983333
202.04	5.309183333
202.05	5.287816667
202.06	5.2513
202.07	5.514700002
202.08	6.96036667
202.09	9.336033342
202.1	10.55368333
202.11	10.01898333
202.12	9.966500002
202.13	10.81876667
202.14	11.31638333
202.15	11.56126667
202.16	11.46336666
202.17	10.08233333
202.18	8.955866666
202.19	8.097049997
202.2	7.288733332
202.21	7.033066667
202.22	7.0314
202.23	6.856299999
202.24	6.654149998
203.01	6.36695
203.02	6.349616667
203.03	6.1524
203.04	5.950183333
203.05	5.843249999
203.06	5.509983333
203.07	5.477666666
203.08	5.860416669
203.09	7.494033337
203.1	8.303600001
203.11	9.487983336
203.12	9.828216667
203.13	10.34271667
203.14	9.881050001
203.15	10.50403333
203.16	10.10413333
203.17	8.937349999
203.18	8.300333331
203.19	7.932916666
203.2	7.299816665
203.21	7.00085
203.22	6.872383333
203.23	6.75625
203.24	6.557783333
204.01	6.211033332
204.02	5.912949999
204.03	5.859133333
204.04	5.727083334
204.05	5.733766665
204.06	5.255183334
204.07	6.179283335
204.08	6.695916669
204.09	8.448850003
204.1	8.54325
204.11	9.117433336
204.12	9.787233334
204.13	10.43938334
204.14	10.641
204.15	10.20123333
204.16	9.608183333
204.17	9.266199998
204.18	8.440149998
204.19	7.324533333
204.2	6.950383332
204.21	6.723966666
204.22	6.586916667
204.23	6.578516666
204.24	6.537983333
205.01	6.319133333
205.02	6.089766666
205.03	5.877383334
205.04	6.07675
205.05	5.6919
205.06	5.814833332
205.07	5.981783336
205.08	7.295483336
205.09	8.838300003
205.1	9.534950003
205.11	9.533749999
205.12	10.51078334
205.13	10.30086666
205.14	9.262633332
205.15	8.820016667
205.16	8.711849999
205.17	8.039433331
205.18	7.162216666
205.19	6.982549999
205.2	6.797416667
205.21	6.722533333
205.22	6.532933332
205.23	6.1881
205.24	6.05435
206.01	5.9643
206.02	5.893933333
206.03	5.340199999
206.04	5.476
206.05	5.346383333
206.06	5.291416666
206.07	5.338016669
206.08	6.793066672
206.09	9.420566668
206.1	9.672883335
206.11	10.62218334
206.12	11.0736
206.13	11.53876667
206.14	11.28636666
206.15	9.75398333
206.16	9.143999999
206.17	8.290216665
206.18	7.666099999
206.19	7.303916665
206.2	6.821933333
206.21	6.682866666
206.22	6.495166666
206.23	6.092566666
206.24	5.627166666
207.01	5.444366666
207.02	5.238616666
207.03	5.020233333
207.04	5.0825
207.05	5.037066666
207.06	5.069133333
207.07	5.155966667
207.08	6.263583337
207.09	7.024316669
207.1	9.216816672
207.11	10.17026667
207.12	11.14998333
207.13	10.62328333
207.14	11.0165
207.15	10.22338333
207.16	9.459849997
207.17	8.611749998
207.18	7.802949998
207.19	7.222116666
207.2	6.868799999
207.21	6.690783333
207.22	6.615033333
207.23	6.469033333
207.24	6.208033333
208.01	6.01815
208.02	5.959783333
208.03	5.802449999
208.04	5.532083333
208.05	5.413049999
208.06	5.209833333
208.07	5.553766671
208.08	7.861266673
208.09	10.42923334
208.1	10.52243333
208.11	9.434183333
208.12	9.791133335
208.13	10.94835
208.14	12.17663334
208.15	12.72036667
208.16	11.45314999
208.17	9.660549997
208.18	8.352099997
208.19	7.451566665
208.2	6.660383332
208.21	6.125866666
208.22	6.177866667
208.23	5.918083332
208.24	5.624316666
209.01	5.24815
209.02	5.068766666
209.03	4.948916667
209.04	4.954983333
209.05	4.841833332
209.06	5.004983336
209.07	5.182016668
209.08	6.242400003
209.09	6.968400001
209.1	7.054433333
209.11	8.394000006
209.12	8.851849999
209.13	8.382749997
209.14	7.982083333
209.15	7.690833331
209.16	7.045333333
209.17	7.207266668
209.18	7.894500002
209.19	7.805399997
209.2	7.174416667
209.21	7.345750002
209.22	6.915699997
209.23	6.29975
209.24	6.354233333
210.01	6.3695
210.02	6.094899999
210.03	5.995999999
210.04	6.167450001
210.05	6.04505
210.06	5.943083333
210.07	5.762533333
210.08	5.808533334
210.09	6.251633337
210.1	7.779800002
210.11	7.9335
210.12	9.243650007
210.13	10.36751666
210.14	10.14451667
210.15	10.72425
210.16	11.07401666
210.17	9.716583331
210.18	8.234633332
210.19	7.955833332
210.2	7.84375
210.21	7.577516666
210.22	7.318099999
210.23	7.176599998
210.24	6.866133334
211.01	6.639716665
211.02	6.529033334
211.03	6.674
211.04	6.311216666
211.05	6.102583333
211.06	5.994600001
211.07	6.291816667
211.08	6.965600004
211.09	10.07290001
211.1	11.1215
211.11	10.46948333
211.12	11.66168334
211.13	11.49363333
211.14	10.58136667
211.15	11.11943333
211.16	10.34045
211.17	9.052849996
211.18	8.476133332
211.19	8.010649998
211.2	7.625266666
211.21	7.56275
211.22	7.335649998
211.23	7.146333333
211.24	6.954866666
212.01	6.7214
212.02	6.799716666
212.03	6.590316667
212.04	6.481449999
212.05	6.164266667
212.06	6.167183333
212.07	6.101066667
212.08	6.339616668
212.09	6.7724
212.1	6.896466667
212.11	7.335216671
212.12	8.740449998
212.13	8.133916667
212.14	7.950833333
212.15	8.079583332
212.16	7.693083333
212.17	7.621933333
212.18	7.48025
212.19	6.955166664
212.2	6.594933332
212.21	6.380233334
212.22	6.407599999
212.23	5.861166667
212.24	6.070016666
213.01	5.879083335
213.02	5.765966664
213.03	5.911883335
213.04	5.869366666
213.05	5.800216666
213.06	5.798000003
213.07	6.767066668
213.08	9.120233344
213.09	11.23005
213.1	9.701800001
213.11	10.08405
213.12	10.60053334
213.13	11.97638334
213.14	12.70321667
213.15	12.58163333
213.16	11.91604999
213.17	9.593999993
213.18	8.422333332
213.19	7.886349999
213.2	7.67975
213.21	8.030816668
213.22	7.975149997
213.23	7.334166665
213.24	6.539216668
214.01	6.841066668
214.02	7.5637
214.03	7.299699996
214.04	6.419533336
214.05	5.814716663
214.06	5.579300002
214.07	7.09886667
214.08	8.653450006
214.09	11.01013334
214.1	11.0915
214.11	10.548
214.12	10.29026667
214.13	11.63241667
214.14	11.21204999
214.15	9.418366665
214.16	8.880366666
214.17	8.288783331
214.18	7.517549998
214.19	7.298283335
214.2	7.365833331
214.21	7.220533335
214.22	7.247599999
214.23	6.872133333
214.24	6.651816666
215.01	6.472733333
215.02	6.507366666
215.03	6.317116667
215.04	6.591333333
215.05	6.406266668
215.06	6.336833331
215.07	6.51376667
215.08	9.112533343
215.09	9.845666664
215.1	10.10271667
215.11	10.22985
215.12	11.11756667
215.13	12.35188334
215.14	13.06901667
215.15	13.61226667
215.16	13.56781666
215.17	11.37186666
215.18	9.861749998
215.19	8.923433331
215.2	8.54915
215.21	8.213083333
215.22	8.214983332
215.23	8.468550002
215.24	8.277366667
216.01	8.145683329
216.02	7.351983334
216.03	7.5865
216.04	7.852233331
216.05	7.10975
216.06	6.982299999
216.07	7.205883337
216.08	8.333233338
216.09	10.02108334
216.1	10.14271666
216.11	9.647083334
216.12	10.12013333
216.13	10.07513333
216.14	9.858900001
216.15	10.75563333
216.16	9.586383329
216.17	8.409783331
216.18	8.130166666
216.19	7.543033332
216.2	7.291849999
216.21	7.238133333
216.22	7.167233334
216.23	7.069616666
216.24	6.620083333
217.01	6.6675
217.02	6.869666666
217.03	6.455183332
217.04	6.16575
217.05	6.615816669
217.06	6.358466665
217.07	6.594683337
217.08	7.909650001
217.09	9.514250009
217.1	10.51296667
217.11	10.259
217.12	11.06726667
217.13	10.84983333
217.14	9.896449994
217.15	8.496116667
217.16	8.813883333
217.17	8.7861
217.18	8.339799999
217.19	8.215166666
217.2	7.985000001
217.21	7.785766665
217.22	7.163883332
217.23	7.066283333
217.24	6.789183333
218.01	6.734083333
218.02	6.497683331
218.03	6.473116668
218.04	6.282399998
218.05	6.259583333
218.06	5.916116667
218.07	6.210916669
218.08	7.334900003
218.09	9.248616671
218.1	10.15573334
218.11	10.62373334
218.12	11.72565
218.13	12.17386666
218.14	12.5877
218.15	13.29503334
218.16	12.78924999
218.17	11.28455
218.18	9.922699996
218.19	8.836616666
218.2	8.499466665
218.21	8.166416667
218.22	8.086666666
218.23	8.035
218.24	7.70225
219.01	7.481583334
219.02	7.58183333
219.03	7.106133334
219.04	6.787966666
219.05	6.935383333
219.06	6.376266668
219.07	6.966200001
219.08	7.392683338
219.09	10.63478334
219.1	10.86156666
219.11	10.59113333
219.12	9.953249997
219.13	9.628266667
219.14	9.756399999
219.15	9.233216666
219.16	8.817099998
219.17	8.303649998
219.18	7.654266666
219.19	7.451916667
219.2	7.157516664
219.21	6.865066668
219.22	6.945700001
219.23	7.37575
219.24	7.128499999
220.01	6.596666666
220.02	6.324516666
220.03	6.341633334
220.04	6.236533334
220.05	6.53735
220.06	6.320866666
220.07	6.720650003
220.08	7.598150002
220.09	9.90008334
220.1	10.7409
220.11	10.11975
220.12	11.897
220.13	11.35738333
220.14	9.957833331
220.15	9.189449998
220.16	8.994583333
220.17	8.644966666
220.18	8.562899999
220.19	8.382399999
220.2	7.956416665
220.21	7.562149998
220.22	7.031033335
220.23	7.471466665
220.24	7.033533333
221.01	7.179716667
221.02	7.0196
221.03	6.750483334
221.04	7.136433333
221.05	6.8671
221.06	6.8195
221.07	6.455299999
221.08	6.812800002
221.09	7.615366672
221.1	9.35336667
221.11	9.715633331
221.12	9.563133336
221.13	9.870016665
221.14	9.351916664
221.15	9.281600002
221.16	9.091633331
221.17	8.76615
221.18	8.373583333
221.19	8.048566665
221.2	7.778616665
221.21	7.574133335
221.22	7.372683332
221.23	6.979483332
221.24	6.585949999
222.01	6.493599998
222.02	6.501300003
222.03	6.438
222.04	6.536149999
222.05	6.701099998
222.06	6.273116667
222.07	6.561033338
222.08	9.007516672
222.09	10.8821
222.1	10.57143334
222.11	11.18193334
222.12	12.6772
222.13	12.82603334
222.14	13.09341667
222.15	13.2468
222.16	12.76758333
222.17	11.53309999
222.18	9.736199997
222.19	8.731783331
222.2	8.351399998
222.21	8.091183335
222.22	8.170649998
222.23	7.949366665
222.24	7.282133335
223.01	7.170066663
223.02	6.379133334
223.03	7.061316666
223.04	6.609316667
223.05	6.473399998
223.06	5.882250001
223.07	7.275600004
223.08	9.550533342
223.09	10.7972
223.1	11.04621667
223.11	11.99733333
223.12	12.54161667
223.13	13.54891667
223.14	13.51365
223.15	13.69515
223.16	12.39181666
223.17	11.00763333
223.18	9.412366665
223.19	8.685233331
223.2	8.074999999
223.21	8.084166667
223.22	8.0675
223.23	8.279599998
223.24	7.517199999
224.01	7.594783335
224.02	7.454333333
224.03	7.269516664
224.04	6.055066662
224.05	4.918533331
224.06	4.679866669
224.07	6.617366673
224.08	7.575033337
224.09	10.08745001
224.1	11.75433332
224.11	11.11375
224.12	11.3787
224.13	11.23348334
224.14	11.83586667
224.15	12.06691666
224.16	10.82656666
224.17	9.794449995
224.18	8.766533332
224.19	8.110749997
224.2	7.459866666
224.21	7.271316667
224.22	7.358699999
224.23	7.073666667
224.24	7.030183333
225.01	6.885666664
225.02	6.341433334
225.03	5.443316661
225.04	4.291183332
225.05	4.543383332
225.06	4.74301667
225.07	5.56198334
225.08	8.816183343
225.09	10.68241667
225.1	10.24866667
225.11	11.30235001
225.12	11.91858333
225.13	12.78351667
225.14	12.12863333
225.15	11.97973333
225.16	11.122
225.17	10.07193333
225.18	8.606166662
225.19	7.463133332
225.2	6.909166665
225.21	6.506066666
225.22	6.395883333
225.23	6.158599999
225.24	5.819766667
226.01	5.91075
226.02	5.91415
226.03	5.931733333
226.04	5.648166664
226.05	5.1631
226.06	5.167116667
226.07	5.291766668
226.08	6.01543334
226.09	8.189566671
226.1	9.372783338
226.11	9.972983335
226.12	10.34625
226.13	11.36253333
226.14	11.19211667
226.15	11.26063333
226.16	11.38028333
226.17	10.2854
226.18	8.570616662
226.19	7.502833331
226.2	7.038833333
226.21	6.882433332
226.22	6.531250001
226.23	6.888066665
226.24	6.016433332
227.01	6.036050001
227.02	6.161449999
227.03	6.14105
227.04	5.949899998
227.05	5.618433332
227.06	4.567783331
227.07	4.081633335
227.08	5.285800008
227.09	7.70033334
227.1	10.88438334
227.11	11.26745
227.12	12.05288334
227.13	12.95173334
227.14	13.53048333
227.15	13.28336667
227.16	12.85325
227.17	10.87851666
227.18	9.38066666
227.19	7.766749997
227.2	7.351449999
227.21	7.042866666
227.22	7.321766668
227.23	6.909266664
227.24	6.889299998
228.01	6.815816669
228.02	6.96885
228.03	7.085016669
228.04	6.562999995
228.05	6.179533334
228.06	6.280600002
228.07	7.117350003
228.08	8.861416672
228.09	10.58193334
228.1	11.51426666
228.11	11.30011667
228.12	12.22723334
228.13	13.13648334
228.14	13.07685
228.15	12.73201667
228.16	12.82243333
228.17	11.22914999
228.18	9.066766662
228.19	8.088683331
228.2	7.467366666
228.21	7.230883334
228.22	7.452433333
228.23	6.314816661
228.24	6.067150003
229.01	6.38795
229.02	6.054099997
229.03	5.068466663
229.04	5.421000002
229.05	5.523900003
229.06	5.74993333
229.07	6.757033349
229.08	9.027816666
229.09	10.23501667
229.1	10.22363333
229.11	10.9661
229.12	12.18765
229.13	12.91251667
229.14	12.57971667
229.15	12.27398333
229.16	11.61048333
229.17	10.75326666
229.18	8.809849994
229.19	7.827849999
229.2	7.514316665
229.21	6.944083333
229.22	6.922883332
229.23	6.580416667
229.24	6.373683332
230.01	5.8814
230.02	5.935933331
230.03	5.666133334
230.04	5.970033334
230.05	5.80145
230.06	5.596333333
230.07	5.546966668
230.08	5.615433334
230.09	6.959683338
230.1	7.6055
230.11	7.890533339
230.12	9.568733338
230.13	10.53126667
230.14	11.12468334
230.15	11.64711667
230.16	11.55751667
230.17	9.971199994
230.18	8.699099995
230.19	7.737183332
230.2	7.414266666
230.21	7.209549999
230.22	6.911799999
230.23	7.1478
230.24	6.575516665
231.01	6.262616666
231.02	6.525533335
231.03	6.572949999
231.04	6.20748333
231.05	5.520816666
231.06	5.439916666
231.07	5.3837
231.08	5.62676667
231.09	6.576383334
231.1	7.350383345
231.11	11.02301667
231.12	10.66221666
231.13	9.924383332
231.14	9.040483329
231.15	8.132999997
231.16	8.068483335
231.17	8.022183332
231.18	7.316649998
231.19	6.9785
231.2	6.894466666
231.21	6.585166665
231.22	6.389933333
231.23	6.23625
231.24	6.219249999
232.01	6.030516667
232.02	5.9878
232.03	5.867199999
232.04	5.5884
232.05	5.391333332
232.06	5.172383333
232.07	4.989099999
232.08	5.344300003
232.09	6.48033334
232.1	8.67435001
232.11	9.882866668
232.12	10.22466666
232.13	9.784433335
232.14	9.936133332
232.15	9.611633329
232.16	8.50608333
232.17	7.549066667
232.18	7.141583331
232.19	6.908766666
232.2	6.745033332
232.21	6.488583333
232.22	6.355316667
232.23	6.193866666
232.24	5.908466666
233.01	5.828583332
233.02	5.730216666
233.03	5.595750001
233.04	5.386699997
233.05	4.9405
233.06	4.755783333
233.07	4.920366669
233.08	5.475250003
233.09	6.775666669
233.1	7.869966674
233.11	9.008383338
233.12	9.290716659
233.13	7.943616664
233.14	7.338983331
233.15	6.984183335
233.16	7.312516666
233.17	6.904099998
233.18	6.391049999
233.19	6.686100001
233.2	6.02093333
233.21	5.858383334
233.22	5.899816665
233.23	5.703349999
233.24	4.898233332
234.01	4.852166667
234.02	5.064366665
234.03	4.475533331
234.04	4.130483336
234.05	4.282266664
234.06	4.196166669
234.07	4.476466668
234.08	5.531500008
234.09	7.599366669
234.1	8.512716673
234.11	10.22433333
234.12	11.01316667
234.13	11.64841667
234.14	11.96738334
234.15	11.67484999
234.16	10.86385
234.17	9.45388333
234.18	8.759983329
234.19	7.838699998
234.2	7.297799999
234.21	6.915683333
234.22	6.770883332
234.23	6.776183333
234.24	6.810783333
235.01	6.459433333
235.02	6.274633333
235.03	5.982149998
235.04	5.75515
235.05	5.773983331
235.06	5.1621
235.07	5.031450003
235.08	7.555166676
235.09	8.790649998
235.1	9.152950007
235.11	9.714483334
235.12	9.056116662
235.13	8.733299998
235.14	8.234399998
235.15	8.12951667
235.16	8.566583333
235.17	9.292650005
235.18	8.808966657
235.19	6.924583331
235.2	6.590566667
235.21	6.888366665
235.22	5.947499997
235.23	6.033316664
235.24	5.15975
236.01	5.0136
236.02	5.262883332
236.03	4.904966665
236.04	4.841983337
236.05	5.46963333
236.06	4.133066664
236.07	3.771216666
236.08	4.305983338
236.09	7.141000015
236.1	9.307533332
236.11	9.399316671
236.12	10.44275
236.13	10.59593333
236.14	9.974349999
236.15	9.256800001
236.16	9.111016662
236.17	7.800416662
236.18	7.2079
236.19	6.433099996
236.2	5.720016665
236.21	5.806383334
236.22	5.70005
236.23	6.2964
236.24	5.804133331
237.01	5.37665
237.02	5.579966668
237.03	5.441649999
237.04	5.154183333
237.05	4.652099999
237.06	4.322566664
237.07	4.180316668
237.08	4.938800004
237.09	5.822750005
237.1	6.10435
237.11	6.420333329
237.12	5.598066666
237.13	5.929383336
237.14	6.483950004
237.15	7.078633331
237.16	6.236116664
237.17	5.891949999
237.18	5.437499999
237.19	5.028349998
237.2	5.064533335
237.21	5.034533332
237.22	4.879283332
237.23	4.827649999
237.24	4.4787
238.01	4.340083331
238.02	3.865749999
238.03	3.469516666
238.04	3.46345
238.05	3.367
238.06	3.626550001
238.07	4.340333345
238.08	6.593666666
238.09	7.339233332
238.1	7.641650007
238.11	7.557599994
238.12	6.740783331
238.13	6.017066665
238.14	6.186333334
238.15	6.461999998
238.16	6.1241
238.17	5.551466665
238.18	5.105166665
238.19	4.895316665
238.2	4.545866666
238.21	4.480866667
238.22	4.559733333
238.23	4.213299997
238.24	3.9185
239.01	3.77605
239.02	3.677166666
239.03	3.477433332
239.04	3.2675
239.05	3.386783332
239.06	3.33756667
239.07	3.655583336
239.08	6.153866679
239.09	6.988116674
239.1	8.476649992
239.11	7.509233335
239.12	7.95725
239.13	6.849816661
239.14	6.708716671
239.15	7.770083338
239.16	8.176749995
239.17	6.812616663
239.18	6.15918333
239.19	5.615883333
239.2	5.314633332
239.21	5.166133333
239.22	5.051366666
239.23	4.874949999
239.24	4.698399999
240.01	4.620400001
240.02	4.639466665
240.03	4.315849996
240.04	3.146166665
240.05	2.43173333
240.06	2.168733337
240.07	3.034550002
240.08	3.067933333
240.09	2.635533328
240.1	1.890050003
240.11	2.626766668
240.12	3.381300005
240.13	5.084400007
240.14	5.931833334
240.15	6.413900001
240.16	6.908233334
240.17	6.720166664
240.18	6.098516668
240.19	5.856466663
240.2	5.180566665
240.21	4.877166668
240.22	4.868949998
240.23	4.611483332
240.24	4.493
241.01	4.371666667
241.02	4.324366666
241.03	4.162099998
241.04	3.828000001
241.05	3.795
241.06	3.722983333
241.07	3.811216667
241.08	4.361333337
241.09	5.122400003
241.1	6.09503334
241.11	7.64411667
241.12	7.503333332
241.13	7.169249997
241.14	7.407833338
241.15	7.656766661
241.16	7.165733334
241.17	7.245866666
241.18	6.695616666
241.19	6.5254
241.2	6.35663333
241.21	5.866899998
241.22	5.98236667
241.23	6.0476
241.24	5.63603333
242.01	5.430783335
242.02	5.696950001
242.03	5.667099997
242.04	5.386933337
242.05	4.955299991
242.06	3.244666664
242.07	3.40073334
242.08	6.166766675
242.09	7.548483336
242.1	8.151583339
242.11	9.403383334
242.12	9.760150005
242.13	10.71611667
242.14	11.613
242.15	11.00658333
242.16	9.213733328
242.17	7.935516662
242.18	7.412533332
242.19	6.955149998
242.2	6.556999999
242.21	6.34425
242.22	6.221033333
242.23	6.059133332
242.24	5.854483333
243.01	6.028083334
243.02	5.730249995
243.03	5.114433334
243.04	5.093516667
243.05	5.672000001
243.06	5.784166667
243.07	5.497716667
243.08	6.09321668
243.09	8.443616671
243.1	9.97966667
243.11	10.49759999
243.12	9.377683335
243.13	9.585199999
243.14	10.35653333
243.15	10.43831666
243.16	8.663049993
243.17	7.528749999
243.18	7.065816663
243.19	6.11693333
243.2	5.75125
243.21	5.74815
243.22	5.761349999
243.23	5.496933331
243.24	4.371716662
244.01	3.838766667
244.02	3.644000001
244.03	4.100150001
244.04	4.028883334
244.05	4.3617
244.06	4.323683332
244.07	4.285683334
244.08	4.267233335
244.09	4.789516668
244.1	5.178116669
244.11	5.654933337
244.12	6.520866667
244.13	6.425249998
244.14	5.486166665
244.15	5.355433331
244.16	4.849999997
244.17	4.3955
244.18	4.126633332
244.19	3.837216666
244.2	3.711533333
244.21	3.706966668
244.22	3.842533332
244.23	3.7815
244.24	3.627449999
245.01	3.324949999
245.02	3.27245
245.03	3.301316667
245.04	3.153483332
245.05	3.194783335
245.06	3.432833335
245.07	3.617516664
245.08	3.352983336
245.09	3.921116669
245.1	4.311000002
245.11	4.88841667
245.12	5.082699996
245.13	4.58856667
245.14	5.534033335
245.15	5.216416664
245.16	4.700316666
245.17	4.581399999
245.18	4.360833333
245.19	3.983183331
245.2	3.603349998
245.21	3.145883332
245.22	3.207650001
245.23	3.049883331
245.24	2.874416668
246.01	2.899749999
246.02	2.6287
246.03	2.458949999
246.04	1.941116663
246.05	1.59815
246.06	1.694766668
246.07	2.280366674
246.08	5.195783338
246.09	5.113666669
246.1	5.279783332
246.11	4.931966665
246.12	4.7525
246.13	4.770016663
246.14	3.992783332
246.15	4.862916678
246.16	6.805183339
246.17	6.310766651
246.18	3.799533329
246.19	2.933666664
246.2	2.920350001
246.21	3.422000001
246.22	3.464050004
246.23	3.400099993
246.24	2.514816666
247.01	2.422616666
247.02	2.346733334
247.03	2.527033334
247.04	2.564133334
247.05	2.693466666
247.06	2.580533334
247.07	2.97606667
247.08	4.125650007
247.09	6.170933347
247.1	8.629299999
247.11	8.738883335
247.12	9.120550006
247.13	9.524799995
247.14	8.954816666
247.15	9.017933337
247.16	9.337599992
247.17	7.480949996
247.18	6.021833326
247.19	4.888883332
247.2	5.003016665
247.21	4.488849999
247.22	4.52066667
247.23	4.897916666
247.24	4.338699995
248.01	3.710983334
248.02	3.512399998
248.03	2.927749997
248.04	2.7001
248.05	2.560883329
248.06	2.498700005
248.07	2.896600003
248.08	4.807500014
248.09	6.170516664
248.1	5.8119
248.11	6.58153334
248.12	8.133750007
248.13	9.118200005
248.14	10.09866666
248.15	10.02583334
248.16	10.13615
248.17	9.062483318
248.18	6.937299994
248.19	5.726466664
248.2	5.173316665
248.21	5.088433335
248.22	5.609116668
248.23	4.799749995
248.24	4.417599999
249.01	4.285433334
249.02	4.216283333
249.03	4.156599999
249.04	3.862533332
249.05	3.639466666
249.06	3.32088333
249.07	3.257833338
249.08	6.217666686
249.09	8.486466663
249.1	8.277583335
249.11	9.272833337
249.12	9.313600006
249.13	9.678099993
249.14	7.551566659
249.15	6.922416673
249.16	8.522766668
249.17	7.018216653
249.18	4.992133329
249.19	4.649366669
249.2	4.573416664
249.21	4.382416664
249.22	3.609433332
249.23	3.563499999
249.24	3.190383329
250.01	2.204583333
250.02	2.522133336
250.03	2.892716666
250.04	2.865400002
250.05	3.108183333
250.06	3.008049999
250.07	2.542466663
250.08	2.460516672
250.09	3.711383336
250.1	4.374766669
250.11	4.685150001
250.12	3.791233328
250.13	3.555866672
250.14	4.077133328
250.15	3.405100002
250.16	4.882450001
250.17	3.909816665
250.18	3.368399998
250.19	3.248633331
250.2	3.186450004
250.21	3.568199999
250.22	3.726783335
250.23	3.519716665
250.24	3.013533328
251.01	2.128966666
251.02	2.113666666
251.03	1.831099999
251.04	1.9473
251.05	1.072416664
251.06	0.8239499977
251.07	0.6411333367
251.08	3.000033351
251.09	5.270866665
251.1	5.433466674
251.11	7.50428334
251.12	7.982449996
251.13	8.469666676
251.14	9.091666662
251.15	8.547483333
251.16	8.071166667
251.17	7.354316658
251.18	5.426249992
251.19	4.481233331
251.2	4.120816666
251.21	4.409866668
251.22	4.482533335
251.23	4.49738333
251.24	4.246433334
252.01	3.580083332
252.02	3.368649999
252.03	3.105133332
252.04	2.891133331
252.05	2.459799998
252.06	2.491016668
252.07	2.70436667
252.08	4.407783347
252.09	7.614383343
252.1	9.412783339
252.11	10.26293333
252.12	10.67046667
252.13	11.25501667
252.14	11.61546666
252.15	11.67653334
252.16	11.12468333
252.17	9.527366658
252.18	7.574983324
252.19	6.4741
252.2	6.202933331
252.21	5.840766665
252.22	5.835666667
252.23	4.735933327
252.24	4.463100003
253.01	4.795649999
253.02	4.505566666
253.03	4.5073
253.04	4.1883
253.05	4.149166665
253.06	3.290549997
253.07	2.77288333
253.08	2.468950003
253.09	3.698533339
253.1	5.561816679
253.11	7.670950006
253.12	8.826066666
253.13	8.946450007
253.14	9.972216664
253.15	8.737499994
253.16	7.584966657
253.17	6.031766669
253.18	5.491533328
253.19	4.791633332
253.2	4.849566664
253.21	3.977616664
253.22	3.534066664
253.23	3.389783334
253.24	3.144466666
254.01	3.052116665
254.02	2.596116666
254.03	2.588583334
254.04	2.453283334
254.05	1.831299996
254.06	1.8016
254.07	1.753250001
254.08	2.220133338
254.09	3.731666686
254.1	6.602483329
254.11	7.147400006
254.12	8.290816672
254.13	8.538533327
254.14	7.341849999
254.15	6.508033327
254.16	5.321649996
254.17	4.353083329
254.18	4.097733334
254.19	4.0695
254.2	3.640916663
254.21	3.221816667
254.22	3.234499997
254.23	3.010983333
254.24	2.729633331
255.01	2.103766666
255.02	1.923999999
255.03	1.82165
255.04	1.54948333
255.05	1.392783333
255.06	1.1829
255.07	1.040366669
255.08	3.159183351
255.09	6.509850007
255.1	7.686316674
255.11	8.19548333
255.12	8.434500002
255.13	8.518199996
255.14	5.910116654
255.15	3.892716653
255.16	1.637933336
255.17	2.630216671
255.18	3.267150001
255.19	3.344133332
255.2	3.239733332
255.21	2.963383334
255.22	2.763966665
255.23	2.317499998
255.24	2.366733334
256.01	2.091699998
256.02	1.624183332
256.03	1.861000002
256.04	1.446466661
256.05	1.007366666
256.06	0.6334666663
256.07	0.9148500062
256.08	2.852850011
256.09	5.904516681
256.1	7.042483328
256.11	7.458666673
256.12	8.036000001
256.13	8.71821667
256.14	8.752883328
256.15	6.377033319
256.16	6.430216681
256.17	7.890449999
256.18	5.952366657
256.19	4.221883326
256.2	3.454333332
256.21	2.980316666
256.22	2.809049999
256.23	2.602933333
256.24	2.488533332
257.01	2.317883332
257.02	2.196149999
257.03	1.91833333
257.04	1.357716669
257.05	1.40063333
257.06	1.11881667
257.07	1.662900003
257.08	3.390116678
257.09	6.16690001
257.1	7.595000005
257.11	7.696166667
257.12	8.879283338
257.13	9.209333331
257.14	8.843516667
257.15	7.938733327
257.16	6.321199991
257.17	5.470799999
257.18	4.918033332
257.19	4.610866666
257.2	3.724049994
257.21	3.372650002
257.22	3.768016668
257.23	3.310216662
257.24	2.991516665
258.01	3.137433334
258.02	2.46633333
258.03	2.285016666
258.04	2.251449997
258.05	2.131100002
258.06	2.584200003
258.07	2.781700006
258.08	4.032300002
258.09	5.051200006
258.1	8.262883346
258.11	7.64558333
258.12	8.737250003
258.13	9.015916674
258.14	9.548316665
258.15	8.894933328
258.16	7.674499994
258.17	6.665733329
258.18	5.46173333
258.19	5.421516667
258.2	5.287883333
258.21	4.781299996
258.22	3.645433328
258.23	3.872033336
258.24	3.734200001
259.01	4.198266667
259.02	4.04925
259.03	3.987283333
259.04	3.674249998
259.05	3.598250001
259.06	3.587199998
259.07	3.332583334
259.08	3.725966667
259.09	4.066166671
259.1	4.803433336
259.11	5.67523334
259.12	7.574250002
259.13	7.108216668
259.14	6.134433319
259.15	4.362133334
259.16	4.541533331
259.17	4.075316666
259.18	4.1103
259.19	4.125966667
259.2	4.262466667
259.21	4.120816666
259.22	3.848716665
259.23	3.437683332
259.24	3.488783334
260.01	3.181649995
260.02	2.377033332
260.03	1.857866664
260.04	1.545749998
260.05	1.272866667
260.06	1.525966667
260.07	1.536066667
260.08	1.410716666
260.09	1.330799996
260.1	0.6258333339
260.11	1.343466675
260.12	3.197216676
260.13	5.27508334
260.14	6.289533339
260.15	6.670116663
260.16	5.743633327
260.17	4.420499995
260.18	3.799683332
260.19	3.256716666
260.2	3.551333335
260.21	3.7945
260.22	3.620699998
260.23	3.453733333
260.24	3.33845
261.01	3.270249998
261.02	2.375083329
261.03	2.01375
261.04	1.660366664
261.05	1.00658333
261.06	0.5280833323
261.07	0.9694166727
261.08	2.500283339
261.09	3.730900006
261.1	5.857483344
261.11	7.550350014
261.12	9.945500003
261.13	9.404666668
261.14	9.828116659
261.15	9.204700007
261.16	9.530299999
261.17	8.724916653
261.18	6.540749994
261.19	5.606816663
261.2	5.087516667
261.21	4.895566665
261.22	4.694866666
261.23	4.413883332
261.24	4.069616666
262.01	3.910816665
262.02	3.528016665
262.03	3.438433332
262.04	3.383316665
262.05	2.980500003
262.06	2.812949995
262.07	2.53946667
262.08	4.405066677
262.09	7.08738335
262.1	9.48353334
262.11	10.47435
262.12	9.758300003
262.13	10.3852
262.14	10.73855
262.15	10.8727
262.16	10.51191667
262.17	9.29234999
262.18	6.934383325
262.19	5.670166661
262.2	5.086466666
262.21	4.950700001
262.22	5.130849998
262.23	4.756649999
262.24	4.287716665
263.01	4.0513
263.02	3.800233331
263.03	3.186116665
263.04	2.958683331
263.05	2.629616666
263.06	2.775333334
263.07	2.767116665
263.08	4.238283349
263.09	6.779816683
263.1	9.22756667
263.11	9.965950001
263.12	10.1469
263.13	10.87976667
263.14	11.37738333
263.15	11.45773333
263.16	10.58916666
263.17	9.115716653
263.18	7.025349997
263.19	6.181299996
263.2	5.359599995
263.21	5.293566668
263.22	4.567583326
263.23	3.696983333
263.24	3.167066657
264.01	3.04528334
264.02	3.492883335
264.03	2.932066664
264.04	3.052816665
264.05	2.664999998
264.06	2.361466668
264.07	2.388866672
264.08	4.633133342
264.09	6.249333345
264.1	9.483016685
264.11	10.33573332
264.12	8.705699998
264.13	9.603133335
264.14	8.628416663
264.15	8.315916666
264.16	7.419416661
264.17	6.212416659
264.18	5.234599997
264.19	4.830866667
264.2	4.637116664
264.21	4.710900002
264.22	4.604616664
264.23	4.232433331
264.24	3.737449997
265.01	3.720516667
265.02	3.627600001
265.03	3.479983333
265.04	3.705966667
265.05	3.562683331
265.06	3.365266667
265.07	3.522283334
265.08	3.707533335
265.09	4.232633335
265.1	4.968333337
265.11	5.256233335
265.12	5.09583333
265.13	4.823566666
265.14	4.855566668
265.15	4.824933332
265.16	4.475899995
265.17	3.703233332
265.18	3.491249999
265.19	3.370633332
265.2	3.220183332
265.21	2.948799999
265.22	2.890566667
265.23	2.875933333
265.24	2.673233331
266.01	2.298149997
266.02	1.46148333
266.03	1.187766667
266.04	1.183083335
266.05	1.280533329
266.06	0.6967166679
266.07	0.9457000014
266.08	1.15975
266.09	1.296466669
266.1	1.838300001
266.11	2.094166668
266.12	2.3079
266.13	2.287066666
266.14	2.168049999
266.15	1.932099997
266.16	1.307183333
266.17	1.282483331
266.18	0.701949999
266.19	0.5425
266.2	0.8894833351
266.21	1.013266665
266.22	0.7476833317
266.23	0.6988166707
266.24	1.101083335
267.01	1.391950001
267.02	1.478783332
267.03	1.734833335
267.04	1.7188
267.05	2.182400001
267.06	2.124133335
267.07	1.976916665
267.08	1.987000003
267.09	3.861050019
267.1	6.071366664
267.11	6.107083337
267.12	6.106766659
267.13	4.89395
267.14	4.886700001
267.15	4.988416666
267.16	4.704716665
267.17	4.806233331
267.18	4.192383332
267.19	3.875533332
267.2	3.801500001
267.21	3.841983333
267.22	3.655700001
267.23	3.636583329
267.24	2.992533334
268.01	2.850949998
268.02	2.740883336
268.03	3.058366664
268.04	2.67495
268.05	2.470783332
268.06	2.480666667
268.07	2.574333334
268.08	3.956500012
268.09	6.560833348
268.1	8.078500001
268.11	9.198700009
268.12	9.068266661
268.13	9.195283337
268.14	9.266250002
268.15	9.415466666
268.16	9.156033326
268.17	7.420783324
268.18	5.616449994
268.19	4.962733331
268.2	4.869249998
268.21	4.261649998
268.22	4.047216667
268.23	4.197249997
268.24	3.889699999
269.01	3.481050001
269.02	2.985816665
269.03	2.793633333
269.04	2.62225
269.05	2.693816665
269.06	2.333183332
269.07	2.391433331
269.08	3.636283351
269.09	7.019033349
269.1	8.770783335
269.11	9.17486667
269.12	9.915200002
269.13	9.987683334
269.14	10.02
269.15	10.1778
269.16	9.085383326
269.17	7.756149992
269.18	5.99296666
269.19	5.252049999
269.2	4.764333332
269.21	4.652216667
269.22	4.975783333
269.23	4.377666665
269.24	3.898483331
270.01	3.326466664
270.02	3.477616666
270.03	2.771933331
270.04	2.424566665
270.05	2.069316661
270.06	1.971733336
270.07	2.188500003
270.08	3.542616683
270.09	6.95248335
270.1	9.589483341
270.11	10.35238334
270.12	11.44196667
270.13	10.42865
270.14	10.33385
270.15	10.43326667
270.16	9.758733332
270.17	8.850799986
270.18	6.610983326
270.19	5.32758333
270.2	4.816016667
270.21	4.990333333
270.22	4.479999998
270.23	4.324616666
270.24	3.781599997
271.01	3.004066664
271.02	2.765249995
271.03	2.272749999
271.04	2.303416666
271.05	1.793749999
271.06	1.914483336
271.07	1.569566665
271.08	3.113850016
271.09	6.266816685
271.1	9.057550002
271.11	9.389816674
271.12	10.77878333
271.13	10.64818334
271.14	11.03383333
271.15	11.2024
271.16	9.431166656
271.17	7.633433326
271.18	6.061766657
271.19	4.72223333
271.2	4.303566666
271.21	4.000333331
271.22	3.782166666
271.23	2.822899994
271.24	2.85346667
272.01	2.703649998
272.02	2.810566667
272.03	2.380666662
272.04	2.22715
272.05	1.7856
272.06	1.619116664
272.07	1.263233335
272.08	2.780183348
272.09	6.068816677
272.1	7.268816675
272.11	8.877900004
272.12	9.825566668
272.13	8.972616661
272.14	8.333183335
272.15	7.539133326
272.16	5.642116652
272.17	4.495166667
272.18	4.439633332
272.19	3.835016663
272.2	3.081216663
272.21	2.648283331
272.22	2.644266668
272.23	2.266333328
272.24	1.788233332
273.01	1.538566668
273.02	1.33063333
273.03	1.2514
273.04	1.018999999
273.05	0.5477999967
273.06	0.1202333295
273.07	-0.03004999705
273.08	1.433616682
273.09	4.383916683
273.1	7.493216677
273.11	9.212550016
273.12	10.78006667
273.13	10.75435
273.14	10.75215
273.15	10.36836667
273.16	9.867049996
273.17	8.053899988
273.18	5.64414999
273.19	4.660516665
273.2	4.430166667
273.21	4.810316668
273.22	4.49473333
273.23	3.991366668
273.24	3.693383325
274.01	1.407116656
274.02	0.5700166629
274.03	0.626716669
274.04	0.9018833341
274.05	0.9496500029
274.06	1.245149998
274.07	0.8623499959
274.08	2.117900021
274.09	5.583800016
274.1	7.952550011
274.11	8.749966665
274.12	8.784899999
274.13	9.141733338
274.14	9.886800001
274.15	9.871666663
274.16	8.877316662
274.17	7.032516655
274.18	5.230233328
274.19	4.425583328
274.2	4.088249999
274.21	3.821133336
274.22	3.957033329
274.23	3.301666666
274.24	3.151149999
275.01	2.855233332
275.02	2.43928333
275.03	2.059216665
275.04	1.722583332
275.05	1.432566665
275.06	1.127716665
275.07	0.9125500026
275.08	3.020066687
275.09	5.412150002
275.1	6.053216671
275.11	6.816933337
275.12	7.819333344
275.13	8.524433325
275.14	7.438733328
275.15	6.02083333
275.16	5.222316661
275.17	4.877349994
275.18	3.409266661
275.19	2.42168333
275.2	2.058566666
275.21	1.731266663
275.22	1.639683333
275.23	1.593466667
275.24	1.2908
276.01	1.042649997
276.02	0.7645833312
276.03	0.7226666679
276.04	0.3247166653
276.05	0.3235999985
276.06	0.1164500007
276.07	0.0925999994
276.08	1.398083348
276.09	4.693550019
276.1	7.529833349
276.11	8.474616665
276.12	9.031216668
276.13	9.363500004
276.14	9.673299999
276.15	9.472733329
276.16	8.825099996
276.17	6.968799985
276.18	5.271133328
276.19	4.489533331
276.2	4.07883333
276.21	4.212266668
276.22	4.273466665
276.23	3.783050001
276.24	3.392516662
277.01	3.423600001
277.02	3.020533325
277.03	2.335800005
277.04	2.604283332
277.05	2.521116659
277.06	1.898
277.07	2.316033343
277.08	3.311850011
277.09	7.019983354
277.1	9.667116679
277.11	10.25439999
277.12	9.626533334
277.13	9.676283332
277.14	9.582500001
277.15	9.82943333
277.16	9.236344443
277.17	7.725333317
277.18	5.429249994
277.19	4.55358333
277.2	4.503833333
277.21	4.204249998
277.22	3.730749999
277.23	3.704916667
277.24	3.733166664
278.01	3.028999998
278.02	2.842333329
278.03	2.157083334
278.04	1.997833331
278.05	1.579166662
278.06	1.279916665
278.07	1.030000001
278.08	1.832416678
278.09	5.362500018
278.1	7.388083343
278.11	7.723916666
278.12	8.267250005
278.13	9.381416674
278.14	10.08691667
278.15	9.594833325
278.16	8.613583326
278.17	6.438416657
278.18	5.083333324
278.19	3.85108333
278.2	3.676416666
278.21	3.728833333
278.22	3.634583333
278.23	3.287333331
278.24	2.431833331
279.01	2.532000001
279.02	2.297666665
279.03	2.503416666
279.04	1.783999995
279.05	1.104999997
279.06	0.8880000012
279.07	0.8839999979
279.08	1.616166679
279.09	5.067833352
279.1	7.210166673
279.11	7.881500008
279.12	8.739833334
279.13	9.381416671
279.14	10.01958333
279.15	10.33625
279.16	8.852916658
279.17	7.707249989
279.18	5.610416656
279.19	4.215416663
279.2	3.958333333
279.21	3.881083329
279.22	3.443833333
279.23	2.981833324
279.24	1.456583329
280.01	1.334166671
280.02	2.067583336
280.03	2.062999999
280.04	1.737166665
280.05	1.540583332
280.06	1.218499998
280.07	1.069083333
280.08	1.359750009
280.09	4.618250018
280.1	6.858916676
280.11	8.228750007
280.12	9.440833336
280.13	10.36450001
280.14	10.25366666
280.15	9.297499986
280.16	6.810333326
280.17	5.831499995
280.18	4.799916662
280.19	3.546333327
280.2	3.037999998
280.21	2.958333334
280.22	2.934250001
280.23	2.549333328
280.24	1.941749997
281.01	1.771166667
281.02	1.56083333
281.03	0.8358333307
281.04	0.6046666653
281.05	0.2014166649
281.06	-0.3191666695
281.07	-0.5665833365
281.08	-0.3473333222
281.09	3.807083357
281.1	5.610666665
281.11	5.711666671
281.12	6.355583342
281.13	8.307583342
281.14	8.596916666
281.15	8.086249997
281.16	7.74433333
281.17	5.496166651
281.18	3.85266666
281.19	2.956166663
281.2	1.797499994
281.21	1.461416665
281.22	1.191499998
281.23	0.8931666648
281.24	0.4019999969
282.01	-0.04383333491
282.02	-0.292833337
282.03	-0.6817500035
282.04	-1.206249999
282.05	-1.356500001
282.06	-1.468000004
282.07	-1.557250002
282.08	-1.529499991
282.09	1.425166687
282.1	4.376416678
282.11	5.905750006
282.12	6.612083339
282.13	7.807916677
282.14	8.087999997
282.15	7.854083328
282.16	7.114333331
282.17	5.256583321
282.18	3.575749987
282.19	2.078499996
282.2	1.352749997
282.21	1.014166664
282.22	0.6299166649
282.23	0.2434999973
282.24	-0.2761666681
283.01	-0.1070833292
283.02	0.3004166614
283.03	-0.8593333362
283.04	-0.8099166686
283.05	-1.16
283.06	-1.095083333
283.07	-1.33675
283.08	-1.456499998
283.09	2.3959167
283.1	4.987916669
283.11	6.240583335
283.12	6.734333341
283.13	6.731083331
283.14	7.165833339
283.15	7.164166662
283.16	5.933583327
283.17	4.870333324
283.18	3.403333327
283.19	2.083583325
283.2	0.9017499946
283.21	0.4739166662
283.22	0.1136666643
283.23	0.09991666811
283.24	-0.04675000531
284.01	-0.5363333328
284.02	-0.6825000097
284.03	-1.207499995
284.04	-1.747083334
284.05	-1.770249998
284.06	-1.791166674
284.07	-2.035833329
284.08	-1.44883333
284.09	1.39391669
284.1	4.844666681
284.11	6.41958334
284.12	6.843999999
284.13	6.90566667
284.14	7.835833334
284.15	7.13541666
284.16	5.226833326
284.17	4.096666661
284.18	2.964083325
284.19	1.435583325
284.2	0.4940833295
284.21	0.4666666695
284.22	0.4021666659
284.23	0.3261666635
284.24	-0.1552500002
285.01	-0.1181666699
285.02	-0.8314166672
285.03	-1.30233334
285.04	-2.165333335
285.05	-2.288583335
285.06	-2.463416672
285.07	-2.525833329
285.08	-2.598999997
285.09	0.9085000308
285.1	3.861500007
285.11	5.280000006
285.12	6.11241667
285.13	6.821750005
285.14	7.009
285.15	7.27375
285.16	5.816916656
285.17	4.635416661
285.18	3.522333327
285.19	2.330833327
285.2	1.493083328
285.21	0.9710833317
285.22	0.4961666636
285.23	0.1022499994
285.24	0.0734166616
286.01	-0.5588333332
286.02	-0.5007500005
286.03	-0.9245000065
286.04	-1.580499998
286.05	-1.253999998
286.06	-2.064416674
286.07	-1.670666663
286.08	-1.812083332
286.09	1.306166693
286.1	4.367666676
286.11	5.752000015
286.12	6.996083335
286.13	7.610999999
286.14	6.937166663
286.15	6.525916663
286.16	5.220916656
286.17	3.569499991
286.18	2.358416662
286.19	1.053583325
286.2	0.3327499963
286.21	0.1717500013
286.22	0.1644999989
286.23	-0.2274166691
286.24	-0.5775833358
287.01	-0.901750002
287.02	-1.011999996
287.03	-1.020916671
287.04	-1.827333342
287.05	-2.334583331
287.06	-2.516999999
287.07	-2.665166672
287.08	-2.798000001
287.09	0.5509166992
287.1	3.347916679
287.11	4.593083331
287.12	5.384416673
287.13	7.02950001
287.14	6.785499999
287.15	6.298999995
287.16	5.549416661
287.17	3.739833319
287.18	1.962916659
287.19	0.7134999932
287.2	0.3357500015
287.21	0.5814166654
287.22	0.3950000026
287.23	0.2264999949
287.24	-0.0322499995
288.01	-0.3955000035
288.02	-0.8121666685
288.03	-1.164000003
288.04	-1.128416666
288.05	-1.280000001
288.06	-1.551250002
288.07	-2.003666667
288.08	-1.924416664
288.09	0.04000002305
288.1	2.249
288.11	2.588500003
288.12	3.42783334
288.13	4.066166664
288.14	2.491083318
288.15	0.4706666609
288.16	-0.4350000017
288.17	-1.176250007
288.18	-1.374916666
288.19	-1.363083334
288.2	-1.507833334
288.21	-1.667916669
288.22	-1.99625
288.23	-2.276000002
288.24	-2.275999999
289.01	-2.145500001
289.02	-2.413916669
289.03	-2.944916671
289.04	-3.296166668
289.05	-3.39475
289.06	-3.543250003
289.07	-3.756666665
289.08	-3.330916664
289.09	-1.491916648
289.1	1.321750019
289.11	2.817583334
289.12	3.898166673
289.13	4.307666673
289.14	4.903916664
289.15	4.901666666
289.16	4.542333327
289.17	2.666583319
289.18	0.7550833259
289.19	0.07233333132
289.2	0.1037500042
289.21	0.6413333342
289.22	0.5975833338
289.23	0.530916665
289.24	0.4086666633
290.01	0.542250002
290.02	0.3908333323
290.03	-0.5460000064
290.04	-0.9110833352
290.05	-1.576666673
290.06	-1.639666662
290.07	-1.396583335
290.08	-1.323583327
290.09	1.654250026
290.1	4.977416681
290.11	6.898750008
290.12	7.18458333
290.13	6.684250004
290.14	6.585083329
290.15	6.720166668
290.16	5.835583327
290.17	4.268749986
290.18	2.556166661
290.19	2.485250003
290.2	2.772416665
290.21	2.854500002
290.22	2.909249999
290.23	2.249999999
290.24	2.186083329
291.01	1.93483333
291.02	1.720249997
291.03	1.585083336
291.04	1.275416665
291.05	0.5049999962
291.06	0.413666664
291.07	0.3380000013
291.08	0.3692499975
291.09	3.562750033
291.1	5.55858333
291.11	6.218083341
291.12	6.337416671
291.13	7.122000002
291.14	7.275583333
291.15	6.966749997
291.16	6.256249993
291.17	4.715999988
291.18	3.099333328
291.19	2.467499998
291.2	3.276833341
291.21	3.845583337
291.22	3.717333328
291.23	3.414416665
291.24	2.774166666
292.01	2.218916659
292.02	0.8939999968
292.03	0.543833314
292.04	-2.122583329
292.05	-1.812833348
292.06	-3.695083332
292.07	-3.718999997
292.08	-0.9328333134
292.09	3.8086667
292.1	6.611416681
292.11	7.096583325
292.12	6.644250001
292.13	7.34891667
292.14	7.086583333
292.15	6.776749993
292.16	6.045916662
292.17	4.357416655
292.18	2.822166658
292.19	2.016083332
292.2	1.750999998
292.21	1.48875
292.22	1.359916661
292.23	0.689416666
292.24	0.740083333
293.01	0.2821666629
293.02	-0.2274166692
293.03	-0.4486666679
293.04	-0.796583338
293.05	-1.374833332
293.06	-1.289833337
293.07	-1.697083335
293.08	-1.82575
293.09	0.557500026
293.1	3.019666676
293.11	4.447333337
293.12	4.5515
293.13	5.195666673
293.14	5.668833335
293.15	6.322333338
293.16	5.32091665
293.17	2.670833322
293.18	1.641999996
293.19	0.8840833289
293.2	0.3769999985
293.21	0.05116666253
293.22	-0.4603333347
293.23	-0.7652500012
293.24	-0.8050833337
294.01	-1.222916669
294.02	-1.520250002
294.03	-1.867000005
294.04	-1.991333332
294.05	-2.310333338
294.06	-2.918833337
294.07	-2.89458333
294.08	-3.134166668
294.09	0.02425002533
294.1	2.963000025
294.11	5.042
294.12	4.140333329
294.13	5.06933334
294.14	5.684333337
294.15	5.682249997
294.16	5.217166662
294.17	3.464916651
294.18	1.545749991
294.19	0.6573333309
294.2	0.7778333383
294.21	1.459166668
294.22	1.159833332
294.23	0.8074166633
294.24	0.7611666599
295.01	0.6309166703
295.02	-0.04433333925
295.03	-0.4162499979
295.04	-0.7704166723
295.05	-0.9231666672
295.06	-1.339916666
295.07	-1.802583335
295.08	-1.842333336
295.09	1.139166697
295.1	1.663166659
295.11	2.388833338
295.12	3.048083338
295.13	4.834166678
295.14	5.34225
295.15	4.751499995
295.16	3.638333327
295.17	2.401583323
295.18	1.053749991
295.19	-0.6650000129
295.2	-2.177166671
295.21	-3.030750005
295.22	-3.458833335
295.23	-3.538166666
295.24	-3.732416671
296.01	-3.996249998
296.02	-3.95166667
296.03	-4.755833335
296.04	-4.918916669
296.05	-4.740416665
296.06	-4.826833335
296.07	-5.056333334
296.08	-4.921249997
296.09	-2.31824998
296.1	-0.9373333306
296.11	-0.3776666601
296.12	-0.2744166663
296.13	0.3452500023
296.14	0.9424166681
296.15	-0.3669166774
296.16	-1.755333344
296.17	-3.331166672
296.18	-3.751916669
296.19	-3.966
296.2	-4.0035
296.21	-3.923916667
296.22	-4.18425
296.23	-4.51491667
296.24	-4.872750003
297.01	-4.893083333
297.02	-5.439666669
297.03	-5.470583335
297.04	-5.964416669
297.05	-6.068000002
297.06	-6.301999998
297.07	-6.281000002
297.08	-6.475583331
297.09	-3.855916647
297.1	-1.100583319
297.11	0.7267500112
297.12	1.934666672
297.13	2.84033334
297.14	0.9124999775
297.15	-0.4820000025
297.16	-1.619250011
297.17	-2.666500001
297.18	-2.832333336
297.19	-3.39991667
297.2	-3.714500001
297.21	-3.871083334
297.22	-4.106416669
297.23	-4.449
297.24	-4.403583334
298.01	-4.295333334
298.02	-4.828416671
298.03	-5.478666671
298.04	-6.052666669
298.05	-5.972416668
298.06	-6.456083328
298.07	-6.232416667
298.08	-6.231833332
298.09	-3.244083309
298.1	0.06200002126
298.11	1.725333337
298.12	2.241833335
298.13	2.70266667
298.14	3.368666672
298.15	3.128666662
298.16	2.680749997
298.17	1.053916652
298.18	-0.6419166737
298.19	-0.8650833281
298.2	-0.3958333312
298.21	-0.223500002
298.22	-0.5590833342
298.23	-0.7627500005
298.24	-0.5786666716
299.01	-0.9322499993
299.02	-1.515916669
299.03	-1.666333334
299.04	-1.627500002
299.05	-2.265333331
299.06	-2.272833338
299.07	-2.073999994
299.08	-2.267333339
299.09	0.3010833634
299.1	2.858750002
299.11	2.725333334
299.12	2.500500001
299.13	3.017500003
299.14	3.224833332
299.15	3.561666665
299.16	2.720583329
299.17	0.721499982
299.18	-0.8335000042
299.19	-1.529500004
299.2	-1.861750002
299.21	-2.06125
299.22	-2.522250008
299.23	-3.042833333
299.24	-3.045083333
300.01	-2.617916667
300.02	-3.230083334
300.03	-3.331666672
300.04	-3.806750001
300.05	-3.954083335
300.06	-4.101416665
300.07	-4.434083335
300.08	-4.654916665
300.09	-1.708833306
300.1	-0.5390833397
300.11	0.04958334309
300.12	0.7125000023
300.13	1.17208334
300.14	2.284583341
300.15	3.75466666
300.16	0.8709999871
300.17	-0.7130833432
300.18	-2.074583342
300.19	-2.888833337
300.2	-3.429583335
300.21	-3.657333334
300.22	-4.054166671
300.23	-4.219333333
300.24	-4.712500004
301.01	-5.161500003
301.02	-5.279916665
301.03	-5.555916669
301.04	-5.838500001
301.05	-5.943333339
301.06	-6.500166666
301.07	-6.510333333
301.08	-6.354833336
301.09	-4.053583309
301.1	-1.37049999
301.11	-0.6089166587
301.12	0.4171666748
301.13	0.8625000044
301.14	1.088916662
301.15	0.1484166572
301.16	-0.9501666707
301.17	-1.944250008
301.18	-3.202916673
301.19	-3.928916671
301.2	-4.421250003
301.21	-4.720000001
301.22	-4.836833334
301.23	-4.928333334
301.24	-5.153666669
302.01	-5.248833335
302.02	-5.40325
302.03	-5.555583334
302.04	-5.539999999
302.05	-5.736833336
302.06	-6.031333334
302.07	-5.918999999
302.08	-5.244833326
302.09	-4.278083328
302.1	-3.053999987
302.11	-1.697083328
302.12	-1.90933334
302.13	-1.413499997
302.14	-1.570500003
302.15	-1.247749995
302.16	-2.332750011
302.17	-3.207916671
302.18	-4.19758334
302.19	-4.628333336
302.2	-4.85975
302.21	-4.765749999
302.22	-5.123833339
302.23	-5.174666662
302.24	-5.022916668
303.01	-5.328250003
303.02	-5.635916667
303.03	-5.833750004
303.04	-5.591749995
303.05	-5.870333339
303.06	-5.844166664
303.07	-4.920999992
303.08	-4.797166668
303.09	-2.81233331
303.1	0.5210000169
303.11	0.6475833261
303.12	0.5240000015
303.13	1.409500007
303.14	1.472416669
303.15	1.542666664
303.16	1.318749998
303.17	-0.3714166829
303.18	-2.156333341
303.19	-2.834750001
303.2	-2.197333328
303.21	-2.046750001
303.22	-2.225250001
303.23	-2.172083332
303.24	-2.460666669
304.01	-2.564833333
304.02	-2.715333335
304.03	-2.530083332
304.04	-2.87916667
304.05	-2.986250001
304.06	-3.321750004
304.07	-3.41708333
304.08	-3.387583336
304.09	-0.7827499637
304.1	2.799250006
304.11	2.104583329
304.12	1.858416666
304.13	2.111999998
304.14	2.530666678
304.15	2.800999997
304.16	2.328083325
304.17	0.6229166522
304.18	-1.188333341
304.19	-1.917000001
304.2	-1.330833328
304.21	-1.313083337
304.22	-1.567916666
304.23	-1.81416667
304.24	-2.025333338
305.01	-2.309833333
305.02	-2.399416668
305.03	-2.693249999
305.04	-2.940000004
305.05	-3.199333333
305.06	-3.298583335
305.07	-3.2615
305.08	-3.49216667
305.09	-0.8877499699
305.1	2.504166684
305.11	3.920499999
305.12	3.068250001
305.13	2.948499993
305.14	3.032166675
305.15	3.471833334
305.16	3.07849999
305.17	1.034916652
305.18	-0.6719166727
305.19	-1.151916665
305.2	-0.7727499991
305.21	-0.6080833331
305.22	-1.015416668
305.23	-1.24041667
305.24	-1.225333332
306.01	-1.649083336
306.02	-1.874250005
306.03	-2.124416663
306.04	-2.199500003
306.05	-2.441750002
306.06	-2.358249997
306.07	-2.90958334
306.08	-2.664833333
306.09	-0.1115833053
306.1	2.827750021
306.11	5.163500006
306.12	5.005333326
306.13	3.96933333
306.14	4.639250004
306.15	4.184916665
306.16	3.45566666
306.17	1.646333318
306.18	0.1536666565
306.19	-1.112916673
306.2	-1.510333332
306.21	-1.643833334
306.22	-1.648916666
306.23	-1.861166668
306.24	-2.222000006
307.01	-2.401916667
307.02	-2.843416668
307.03	-2.928583334
307.04	-3.323416667
307.05	-3.602000002
307.06	-3.506499999
307.07	-3.682416669
307.08	-3.827333334
307.09	-1.975416643
307.1	1.902916687
307.11	2.571333326
307.12	1.422999999
307.13	2.189666675
307.14	2.672000001
307.15	2.783166661
307.16	1.871749995
307.17	0.2385833214
307.18	-0.9049166751
307.19	-1.720666671
307.2	-1.857333329
307.21	-1.388833334
307.22	-1.70825
307.23	-1.869250001
307.24	-1.88075
308.01	-2.143916669
308.02	-2.618750002
308.03	-2.967250003
308.04	-3.17641667
308.05	-3.333666665
308.06	-3.596583335
308.07	-3.596666668
308.08	-3.397416665
308.09	-1.30258331
308.1	1.799666682
308.11	2.820833337
308.12	2.871250006
308.13	3.708833333
308.14	3.623083334
308.15	3.614499997
308.16	2.489416657
308.17	0.6614999856
308.18	-0.8437500077
308.19	-1.675416671
308.2	-2.247333336
308.21	-2.384999999
308.22	-2.671250005
308.23	-2.658749998
308.24	-2.788916666
309.01	-2.820083338
309.02	-3.402333336
309.03	-3.425750001
309.04	-3.400166665
309.05	-3.565833332
309.06	-3.107083331
309.07	-2.623666663
309.08	-1.843499995
309.09	0.7644166953
309.1	3.630333349
309.11	3.944166659
309.12	3.209416666
309.13	3.136750001
309.14	3.5005
309.15	3.304083327
309.16	2.53566666
309.17	0.789999986
309.18	-0.6693333374
309.19	-0.7456666605
309.2	-0.8818333422
309.21	-0.3599999915
309.22	0.1394999985
309.23	0.4362500059
309.24	0.02958333105
310.01	0.3966666661
310.02	-0.4751666752
310.03	-0.01791666394
310.04	-0.2032499969
310.05	-0.5733333395
310.06	-0.08591666589
310.07	-0.6343333324
310.08	-0.8579999961
310.09	1.13208335
310.1	4.769166693
310.11	5.185083328
310.12	4.353083327
310.13	4.476833331
310.14	4.116499998
310.15	3.6475
310.16	2.780749992
310.17	1.143249985
310.18	-0.002666671496
310.19	-0.4649999988
310.2	-0.2876666686
310.21	-0.8358333365
310.22	-1.161416668
310.23	-1.508083337
310.24	-1.48266666
311.01	-0.946750001
311.02	-0.7469999994
311.03	-0.9613333337
311.04	-1.267000001
311.05	-1.340083338
311.06	-1.966250006
311.07	-1.86741666
311.08	-1.898250001
311.09	-0.01024997162
311.1	1.50841666
311.11	1.266416667
311.12	1.146666669
311.13	1.727000003
311.14	2.611916673
311.15	2.528999993
311.16	1.77233333
311.17	0.4558333238
311.18	-0.8251666773
311.19	-1.236999999
311.2	-1.500833336
311.21	-1.741500002
311.22	-2.054000003
311.23	-2.544916669
311.24	-2.588333332
312.01	-2.773500003
312.02	-3.045083334
312.03	-3.219916667
312.04	-3.602916669
312.05	-4.031833338
312.06	-4.18266667
312.07	-4.179416663
312.08	-4.315000003
312.09	-2.565833311
312.1	0.4250833534
312.11	0.9531666627
312.12	1.274500006
312.13	2.332916674
312.14	2.145416661
312.15	0.9086666537
312.16	-0.1765833394
312.17	-1.133500005
312.18	-1.915166674
312.19	-2.574083336
312.2	-3.032833337
312.21	-3.212166668
312.22	-3.553083336
312.23	-3.826500001
312.24	-4.066416669
313.01	-4.365500002
313.02	-4.748083335
313.03	-4.778416666
313.04	-4.893166668
313.05	-5.228333336
313.06	-5.320583332
313.07	-5.37975
313.08	-5.50916667
313.09	-3.318833309
313.1	-1.047916656
313.11	-1.129083339
313.12	-1.292749993
313.13	-0.5502499959
313.14	-0.1132500002
313.15	-1.862416683
313.16	-3.585250013
313.17	-4.101666668
313.18	-4.456666668
313.19	-4.651416669
313.2	-5.138666671
313.21	-5.421000001
313.22	-5.5735
313.23	-6.006000005
313.24	-6.112916664
314.01	-6.614000006
314.02	-6.537083336
314.03	-6.800333328
314.04	-6.722250002
314.05	-6.660916666
314.06	-6.842166671
314.07	-6.968333329
314.08	-6.99266667
314.09	-5.110416641
314.1	-1.587999973
314.11	0.3422500012
314.12	1.225000005
314.13	1.464166668
314.14	1.694083332
314.15	1.725916668
314.16	1.020249994
314.17	-0.2596666818
314.18	-2.339916677
314.19	-2.939500002
314.2	-3.081916666
314.21	-3.298583335
314.22	-3.542916668
314.23	-3.427166669
314.24	-3.857083335
315.01	-4.136666668
315.02	-4.3845
315.03	-4.618833339
315.04	-4.814750002
315.05	-4.709916662
315.06	-4.867500004
315.07	-5.097749998
315.08	-5.041833334
315.09	-3.178999978
315.1	0.2136666853
315.11	1.818166682
315.12	2.87308334
315.13	2.773333326
315.14	2.654416665
315.15	2.146666659
315.16	0.7081666582
315.17	-1.000750014
315.18	-2.501833341
315.19	-2.776666662
315.2	-2.673666669
315.21	-2.724999998
315.22	-2.766666669
315.23	-3.013250002
315.24	-3.523916672
316.01	-3.779333331
316.02	-3.930083338
316.03	-4.45275
316.04	-4.763666671
316.05	-4.753083333
316.06	-5.08825
316.07	-5.352916674
316.08	-5.195583327
316.09	-3.734999979
316.1	0.1273333598
316.11	2.839416675
316.12	2.76291667
316.13	3.871833336
316.14	3.95033333
316.15	1.98291665
316.16	0.5641666611
316.17	-0.6720833461
316.18	-2.346333338
316.19	-2.379916665
316.2	-2.222833334
316.21	-2.876833338
316.22	-3.096666668
316.23	-3.673250007
316.24	-3.294249993
317.01	-3.521166669
317.02	-4.308083344
317.03	-5.174250007
317.04	-5.209333326
317.05	-5.466500005
317.06	-5.831333339
317.07	-5.730083329
317.08	-5.72958333
317.09	-4.574249986
317.1	-1.06733331
317.11	0.8935833463
317.12	2.059166669
317.13	2.411666672
317.14	2.489166663
317.15	2.501000001
317.16	1.759333327
317.17	0.3127499874
317.18	-0.9964166732
317.19	-1.742666672
317.2	-2.234916668
317.21	-2.489416666
317.22	-2.705750006
317.23	-3.350833335
317.24	-3.848166676
318.01	-4.16208333
318.02	-4.439583338
318.03	-4.669416666
318.04	-5.070833342
318.05	-4.757083322
318.06	-4.583250003
318.07	-4.8425
318.08	-3.372083321
318.09	-2.359249989
318.1	-1.349499994
318.11	-0.5197499971
318.12	0.05558333838
318.13	0.3607500008
318.14	0.5561666661
318.15	0.3654166671
318.16	-0.2370833392
318.17	-1.082666676
318.18	-1.775416669
318.19	-2.174500003
318.2	-2.505833334
318.21	-2.578666669
318.22	-2.898500003
318.23	-3.232000002
318.24	-3.395
319.01	-3.829500002
319.02	-3.867000001
319.03	-3.8465
319.04	-3.858833334
319.05	-4.03875
319.06	-4.056416668
319.07	-4.094000001
319.08	-3.99108333
319.09	-3.231666656
319.1	-2.392249998
319.11	-1.868833332
319.12	-1.475666665
319.13	-1.360833328
319.14	-1.11416667
319.15	-1.484499997
319.16	-1.836250006
319.17	-2.579250007
319.18	-3.214583335
319.19	-3.286
319.2	-3.43191667
319.21	-3.848833335
319.22	-3.991166669
319.23	-4.06675
319.24	-4.05875
320.01	-4.411
320.02	-4.527250002
320.03	-4.740166669
320.04	-4.839416667
320.05	-4.860000001
320.06	-4.836749999
320.07	-4.832000001
320.08	-4.905833332
320.09	-4.138583325
320.1	-3.301499995
320.11	-2.591833328
320.12	-2.312500001
320.13	-1.816249995
320.14	-1.615333331
320.15	-2.016250007
320.16	-2.414000001
320.17	-3.465250014
320.18	-4.878750008
320.19	-5.607000003
320.2	-6.136250002
320.21	-6.125750001
320.22	-6.544750006
320.23	-7.35941667
320.24	-5.817749987
321.01	-5.565833333
321.02	-5.705250009
321.03	-6.111583328
321.04	-7.396666687
321.05	-6.219249985
321.06	-6.472833325
321.07	-5.888750002
321.08	-5.763666665
321.09	-5.092583324
321.1	-4.302583332
321.11	-3.886249999
321.12	-3.176583331
321.13	-3.209999996
321.14	-3.20291667
321.15	-4.260666677
321.16	-4.196249998
321.17	-5.026750007
321.18	-5.88266667
321.19	-6.441750007
321.2	-6.03033332
321.21	-5.094916666
321.22	-5.636000004
321.23	-5.636500006
321.24	-6.44958334
322.01	-7.641833342
322.02	-7.42108333
322.03	-8.12391667
322.04	-8.324916669
322.05	-8.277833332
322.06	-8.107249999
322.07	-6.870749993
322.08	-7.096916669
322.09	-7.221916664
322.1	-6.967333332
322.11	-6.318166665
322.12	-7.162416668
322.13	-6.468166665
322.14	-6.595416666
322.15	-6.331166663
322.16	-7.132000009
322.17	-7.421583338
322.18	-6.94316667
322.19	-8.272833336
322.2	-8.341833332
322.21	-8.124249997
322.22	-9.011000007
322.23	-7.444999983
322.24	-7.687666683
323.01	-8.878666668
323.02	-6.801583315
323.03	-8.416666687
323.04	-9.619000001
323.05	-9.318916662
323.06	-9.32124999
323.07	-9.407833352
323.08	-8.877749992
323.09	-8.689749994
323.1	-7.625749999
323.11	-7.266499992
323.12	-6.924249985
323.13	-6.993500018
323.14	-7.227750002
323.15	-6.736333326
323.16	-7.801750014
323.17	-8.46375
323.18	-8.538416667
323.19	-8.610333333
323.2	-8.5465
323.21	-8.924166673
323.22	-9.791500005
323.23	-10.79925001
323.24	-12.18008334
324.01	-12.876
324.02	-12.71308332
324.03	-12.55391667
324.04	-13.44191667
324.05	-13.00708334
324.06	-13.05666666
324.07	-12.991
324.08	-12.97775001
324.09	-12.51641665
324.1	-9.978499985
324.11	-7.205499966
324.12	-4.212083329
324.13	0.2291666997
324.14	-4.485333387
324.15	-7.444583344
324.16	-8.550500004
324.17	-8.544
324.18	-8.890333339
324.19	-10.03041667
324.2	-11.10450001
324.21	-11.06583333
324.22	-11.04941666
324.23	-11.10508333
324.24	-11.12983334
325.01	-10.66783333
325.02	-11.44633334
325.03	-11.4345
325.04	-11.22308333
325.05	-11.149
325.06	-11.28916666
325.07	-11.11733334
325.08	-10.74908333
325.09	-9.087749984
325.1	-6.334833304
325.11	-2.521999994
325.12	-1.009499964
325.13	-1.208500016
325.14	0.7225833552
325.15	-1.408416698
325.16	-3.130916697
325.17	-7.573916681
325.18	-8.664833343
325.19	-9.511333334
325.2	-10.05266668
325.21	-10.85625001
325.22	-10.809
325.23	-10.31508333
325.24	-11.37183334
326.01	-11.28541667
326.02	-11.97374999
326.03	-11.63216667
326.04	-12.10216667
326.05	-12.16791666
326.06	-11.69541668
326.07	-12.09574999
326.08	-12.14716667
326.09	-12.25941665
326.1	-8.554749969
326.11	-6.113583327
326.12	-3.749416628
326.13	-1.544916685
326.14	-1.629749981
326.15	-2.757833363
326.16	-5.757083362
326.17	-8.281166673
326.18	-9.752833346
326.19	-10.38291667
326.2	-10.706
326.21	-11.302
326.22	-10.76108333
326.23	-9.773416651
326.24	-9.774916672
327.01	-10.19458334
327.02	-9.567083332
327.03	-9.137083327
327.04	-8.295916671
327.05	-9.788833343
327.06	-9.395166653
327.07	-9.191583337
327.08	-8.919333322
327.09	-7.108749981
327.1	-5.07816665
327.11	-2.258833317
327.12	-0.8764166673
327.13	1.615750015
327.14	0.2411666781
327.15	2.079416658
327.16	-1.708166708
327.17	-6.14150002
327.18	-7.945666679
327.19	-8.144916669
327.2	-8.775666668
327.21	-8.266583327
327.22	-8.422249999
327.23	-8.422333338
327.24	-8.311916662
328.01	-8.476250004
328.02	-9.219583337
328.03	-8.816999999
328.04	-8.498916666
328.05	-9.050166672
328.06	-9.226999995
328.07	-8.882249996
328.08	-8.600500006
328.09	-8.448083316
328.1	-5.461749976
328.11	-2.568416656
328.12	-1.436083316
328.13	0.1203333459
328.14	1.398749991
328.15	0.7609166591
328.16	-1.254750017
328.17	-4.926416689
328.18	-5.906666666
328.19	-6.218250003
328.2	-5.812749996
328.21	-6.023833338
328.22	-6.088416661
328.23	-6.508000009
328.24	-6.243666669
329.01	-6.565666664
329.02	-6.331749992
329.03	-6.223166672
329.04	-7.049333338
329.05	-7.023750003
329.06	-6.996083333
329.07	-7.202416662
329.08	-7.105916668
329.09	-6.930666657
329.1	-2.710083307
329.11	-1.117999986
329.12	2.056083344
329.13	2.925333353
329.14	2.89549999
329.15	2.491916661
329.16	0.1139166387
329.17	-3.752750018
329.18	-5.280750015
329.19	-6.336916667
329.2	-6.799833333
329.21	-6.622083338
329.22	-6.555499999
329.23	-7.019250008
329.24	-7.735666664
330.01	-7.319249999
330.02	-7.508000003
330.03	-8.136000007
330.04	-8.292416661
330.05	-8.915500014
330.06	-9.261749996
330.07	-9.32125
330.08	-9.817500004
330.09	-9.379749997
330.1	-6.699249963
330.11	-3.866166655
330.12	-2.434583323
330.13	-0.5861666545
330.14	-0.2705833268
330.15	-0.7321666813
330.16	-0.9278333378
330.17	-4.65525003
330.18	-6.193000009
330.19	-6.696583335
330.2	-7.249000003
330.21	-7.492583331
330.22	-7.288499996
330.23	-7.549166674
330.24	-7.731916666
331.01	-7.616666655
331.02	-7.187833343
331.03	-7.789000005
331.04	-7.853083329
331.05	-7.578083332
331.06	-7.782166659
331.07	-7.215583349
331.08	-6.951916659
331.09	-7.14408332
331.1	-4.529166648
331.11	-1.88508332
331.12	0.4291666966
331.13	1.630000008
331.14	0.571249994
331.15	-1.621333374
331.16	-3.307083342
331.17	-4.114583339
331.18	-5.006166675
331.19	-5.987500007
331.2	-6.3885
331.21	-6.531166669
331.22	-6.688333333
331.23	-7.281416674
331.24	-7.597833337
332.01	-8.449083339
332.02	-8.557916665
332.03	-8.350666667
332.04	-8.328666668
332.05	-8.54675
332.06	-8.594833333
332.07	-8.653166664
332.08	-8.442083339
332.09	-8.086333324
332.1	-6.09999998
332.11	-3.372999982
332.12	-1.741833322
332.13	-0.05758331848
332.14	-0.165583334
332.15	-0.5229166898
332.16	-3.487500007
332.17	-4.226666679
332.18	-6.080166678
332.19	-6.55525
332.2	-6.842083336
332.21	-7.044666669
332.22	-7.063750001
332.23	-7.068999997
332.24	-6.908666667
333.01	-7.098750003
333.02	-7.470333337
333.03	-8.276500007
333.04	-8.779083333
333.05	-8.698999997
333.06	-8.411000003
333.07	-8.890583337
333.08	-8.331249995
333.09	-8.347666664
333.1	-6.607249971
333.11	-3.592499991
333.12	-3.907583346
333.13	-4.110166658
333.14	-4.575583345
333.15	-6.168333342
333.16	-6.792333339
333.17	-6.97008333
333.18	-7.074916673
333.19	-7.940750004
333.2	-8.66383334
333.21	-9.326000007
333.22	-9.204333329
333.23	-9.672583345
333.24	-9.947416658
334.01	-9.729166667
334.02	-9.939
334.03	-10.00125
334.04	-9.936916667
334.05	-10.76166667
334.06	-9.964583326
334.07	-9.806999998
334.08	-10.31841667
334.09	-9.82983333
334.1	-7.483666638
334.11	-3.862249979
334.12	-1.792666651
334.13	-0.5766666403
334.14	1.133749992
334.15	-0.4515000218
334.16	-2.636750012
334.17	-5.28675003
334.18	-7.126416668
334.19	-7.093250002
334.2	-7.503000005
334.21	-7.926666672
334.22	-8.233000003
334.23	-7.887416655
334.24	-8.251000014
335.01	-7.815999992
335.02	-8.322499998
335.03	-8.609583337
335.04	-8.474000009
335.05	-9.055916661
335.06	-9.396333345
335.07	-9.276999988
335.08	-9.156583333
335.09	-8.935833338
335.1	-6.5598333
335.11	-3.104083307
335.12	-0.9687499915
335.13	1.143416686
335.14	0.2930833234
335.15	0.3257499989
335.16	0.241499993
335.17	-3.762083365
335.18	-5.456666675
335.19	-6.179750001
335.2	-6.100000003
335.21	-6.355083338
335.22	-7.488750002
335.23	-7.499916672
335.24	-7.586583334
336.01	-7.839833334
336.02	-7.260833334
336.03	-8.079833329
336.04	-7.958500011
336.05	-8.022916661
336.06	-8.347833338
336.07	-8.98566667
336.08	-8.46958333
336.09	-8.430583333
336.1	-6.052499967
336.11	-3.106083311
336.12	0.07425003788
336.13	2.024583329
336.14	2.934583334
336.15	0.7894999787
336.16	-0.5979166669
336.17	-3.303083368
336.18	-5.003166673
336.19	-5.548166669
336.2	-6.097416673
336.21	-6.537166668
336.22	-6.777083341
336.23	-8.042000005
336.24	-7.307500001
337.01	-7.828999999
337.02	-8.330416669
337.03	-8.774916662
337.04	-8.264833339
337.05	-8.706583331
337.06	-8.966249999
337.07	-8.412583338
337.08	-8.625333331
337.09	-8.041333331
337.1	-5.529166631
337.11	-2.95449999
337.12	-0.1032499532
337.13	2.423416646
337.14	-0.2923333476
337.15	-1.185583337
337.16	-1.751833339
337.17	-3.373250015
337.18	-4.874416679
337.19	-5.75183334
337.2	-5.805166657
337.21	-5.326000001
337.22	-5.478000001
337.23	-5.153999996
337.24	-5.837916673
338.01	-5.56183332
338.02	-4.992000007
338.03	-5.381416661
338.04	-5.551916679
338.05	-5.82666666
338.06	-5.712916677
338.07	-5.494333319
338.08	-5.075583338
338.09	-5.291666664
338.1	-3.501583323
338.11	-1.214333304
338.12	0.287250002
338.13	0.3099166691
338.14	0.2421666649
338.15	-0.3914166774
338.16	-1.179416675
338.17	-2.837250014
338.18	-4.245083338
338.19	-4.317833333
338.2	-3.461999998
338.21	-4.20975
338.22	-2.757666656
338.23	-2.085833326
338.24	-2.226250003
339.01	-2.399416672
339.02	-3.33825001
339.03	-4.784833349
339.04	-7.070166689
339.05	-8.408166667
339.06	-8.618916668
339.07	-8.758083335
339.08	-8.694416662
339.09	-7.687333326
339.1	-6.56508332
339.11	-5.776249998
339.12	-4.815166657
339.13	-3.300999976
339.14	-3.791500025
339.15	-4.840333342
339.16	-5.794000002
339.17	-5.599583333
339.18	-6.029083338
339.19	-6.613500005
339.2	-6.847333334
339.21	-6.776166661
339.22	-6.065499998
339.23	-5.695583331
339.24	-5.151749995
340.01	-5.054416662
340.02	-5.309500008
340.03	-6.02958334
340.04	-6.441749999
340.05	-6.573333335
340.06	-6.501833332
340.07	-6.330499999
340.08	-6.000499996
340.09	-5.04024999
340.1	-3.767333321
340.11	-2.836833323
340.12	-2.623416671
340.13	-2.906583342
340.14	-2.957749991
340.15	-1.56316666
340.16	-3.556583353
340.17	-2.923333315
340.18	-1.734166674
340.19	-2.341499987
340.2	-2.989833349
340.21	-1.459999984
340.22	-3.262500027
340.23	-3.952499985
340.24	-2.561833348
341.01	-4.084416668
341.02	-4.3905
341.03	-4.373
341.04	-4.441166667
341.05	-4.471416667
341.06	-4.534583333
341.07	-2.708416649
341.08	-3.852583351
341.09	-4.376416664
341.1	-4.32075
341.11	-3.049999976
341.12	-2.472583348
341.13	-2.810166662
341.14	-2.225249998
341.15	-2.27741666
341.16	-2.478166679
341.17	-4.179333349
341.18	-4.804
341.19	-5.22633334
341.2	-6.229250009
341.21	-7.142916669
341.22	-7.517249999
341.23	-7.225083339
341.24	-7.264000007
342.01	-8.126083345
342.02	-7.771749981
342.03	-7.393166666
342.04	-7.383666657
342.05	-6.904250006
342.06	-6.41249999
342.07	-6.025749993
342.08	-5.282500005
342.09	-5.024083326
342.1	-3.040249975
342.11	-0.6981666535
342.12	-0.6309166706
342.13	-0.5295000007
342.14	0.2404166741
342.15	0.002166659011
342.16	-0.8980000083
342.17	-3.54266669
342.18	-3.648833323
342.19	-3.733749999
342.2	-2.675916656
342.21	-2.415166671
342.22	-3.253250014
342.23	-3.877750001
342.24	-3.744166671
343.01	-3.678333325
343.02	-4.520416673
343.03	-4.621833332
343.04	-4.158333329
343.05	-3.846166675
343.06	-4.488249995
343.07	-4.182
343.08	-3.663916662
343.09	-4.042499997
343.1	-2.274916646
343.11	0.8039166817
343.12	1.689083337
343.13	2.2905
343.14	4.622750065
343.15	2.576583266
343.16	0.01149997249
343.17	-2.914083347
343.18	-3.591166672
343.19	-4.087000001
343.2	-4.424583336
343.21	-4.930083337
343.22	-4.847166667
343.23	-5.355833338
343.24	-5.018749999
344.01	-5.25208333
344.02	-5.331666674
344.03	-5.044499994
344.04	-5.141666666
344.05	-5.613166666
344.06	-5.706666675
344.07	-5.493749996
344.08	-5.387999999
344.09	-5.447250002
344.1	-3.876416638
344.11	-1.253666653
344.12	0.6713333491
344.13	1.862333345
344.14	4.216916663
344.15	2.12558333
344.16	1.760583321
344.17	-2.340500037
344.18	-4.293750007
344.19	-5.057833334
344.2	-4.310749979
344.21	-3.013750003
344.22	-3.165916672
344.23	-3.80533334
344.24	-4.449083339
345.01	-5.3395
345.02	-4.66124999
345.03	-3.291999999
345.04	-3.1715
345.05	-4.114500005
345.06	-4.783750005
345.07	-4.700333328
345.08	-4.134166668
345.09	-2.534083312
345.1	-1.481499987
345.11	-0.342500004
345.12	-0.5566666681
345.13	-0.9020000022
345.14	-1.199666669
345.15	-1.486333343
345.16	-2.953166687
345.17	-5.636416675
345.18	-6.808416678
345.19	-7.162833335
345.2	-7.32133333
345.21	-7.114749998
345.22	-5.401749982
345.23	-5.959083353
345.24	-8.132833348