0.5361896609357277
0.4317657850693776
0.39581664806605377
0.37019591098095156
0.26808833082937766
0.68289667596412
0.7143613553763124
0.5732087051462135
0.5243367464771035
0.4904132871909669
0.3532769119332987
1.1278399303768505
0.905831361077734
0.73919645313779
0.6911014350804734
0.4996097525417812
0.8704718790277308
1.036286209178493
1.108443377762486
1.4139656186573983
1.136862843523637
1.0123195663411377
0.7936512078909098
0.7432036080980315
0.5374684266038288
0.7268366844613567
1.008724350075483
0.8097858459373393
0.6537643866986528
0.6110949534084428
0.44103326414251615
1.9192557496972795
1.537854428987496
1.3656102718735068
0.5695094519362144
0.5321044463253078
0.38236219040468067
1.7035923443715029
1.78267142011422
1.4201401901576998
1.2919530039514462
1.2061999286979397
0.8563437127067631
2.7049216800561533
3.264544284958962
1.7060185773080487
1.785144641895241
1.4228090791784873
1.294838441170929
1.2099788108663947
0.8609305799138454
0.41770080923214004
2.1047616692477935
2.5414371262534137
2.73635588100861
2.7201844291334503
2.846945049265917
2.2627382210983926
2.05506349510257
1.9160885665164575
1.3559238785041716
0.7145932112842677
0.8633245656359666
0.9291395301969321
0.3900889532393764
1.347407278236616
1.9291751446805172
2.0198130844795292
1.5974797717773215
1.4457054798110378
1.3474233321991835
0.9447722250718611
0.7843743992312524
0.9590109883654663
1.0376097938846514
1.032847913014549
1.1564452374924568
1.2110277725939365
0.9551526061482999
0.8626538511029862
0.8034691491531032
0.5607609671815119
1.3077457777865529
1.3693631317640462
1.0811648073544031
0.9772108897927169
0.9103977113988957
0.6371945060500137
1.6186560682057798
1.6948789467671332
1.338636958798982
1.2102342632082348
1.1266638616275189
0.7887882479431428
1.6235235665311893
1.7043527303819352
1.3347357414924972
1.2005808253344248
1.1155067566550334
0.790149753475985
1.2487157786502698
1.3103512646111506
1.0257370726862416
0.921275119592266
0.8557566286542491
0.6052575347159656
1.2868781847154906
1.3989467443164512
1.3895664456586085
1.4575798814336864
1.1395152977082916
1.0224854067534899
0.9502730658718551
0.6703664759833038
1.1446723762601256
1.2014332732452673
0.9380421638094436
0.8408889520447577
0.7812539465665732
0.550162315364841
1.9209270595897625
2.1084460726028214
2.09940409524687
2.206865819097569
1.7314315361554153
1.4675946327899525
1.4178952921955967
0.9231210926958561
1.7851641301684953
1.9726516456933083
1.9420977399805122
2.0517673833520185
1.6099734950581008
1.114981996505449
1.0827620472024244
1.356654427558459
1.1730897933039757
1.2334350876811144
0.9658596627479603
0.8165024000750657
0.6065894358887047
1.4611557427020951
1.5357113827669995
1.2077047941995023
1.025736079854278
0.9909009476871867
0.647243190813556
0.45172791698174597
0.7633103458769723
0.8441960244013839
0.8870763645227269
0.6992577945910632
0.5954261884687182
0.5751315850444445
0.37728217548683873
1.496253490408638
2.629218702272426
1.7900397057166422
0.5583747813760132
0.6765719638795529
0.6774073664043871
0.7206841237724542
0.5057880159810395
0.43719115661851465
0.5443389463446973
0.8694130196458912
1.0175963116396478
1.0204648206331441
1.0853994015630972
0.8527792235356358
0.6737972905979649
0.6588884501027411
1.002794195812234
1.2110682298760844
1.212006228770247
1.288786719456943
1.014910555064002
0.8033645441487047
0.7879406432304734
0.599068690029122
1.7159717490833741
1.7850718407856891
1.3683577533511069
1.0962012103544976
1.0778524515683219
1.8619675905954078
2.050611001755746
2.133221534963367
1.6348918649925317
1.3093945804833167
1.286123429931833
1.4273839072797359
2.3816369667100523
2.47742117332993
1.9002803022393622
1.5234651348459531
1.4980261568433597
0.746140013524169
1.064382248883441
1.153531340739486
1.2002797616074716
0.9178967055014524
0.7319821027864147
1.432432024675673
1.5788142710010435
1.6426072004518282
1.2560658929513224
1.0049988729352257
0.5403763775945143
1.7814447118330683
2.1808352540804474
2.1734168114324683
2.3105406984098065
1.717837116684826
1.304999400853289
1.275314223458882
0.6135569780176018
2.290983214248704
2.805880583381396
2.7944133429198654
2.9742573981001796
2.211021020946262
1.6826457638331707
1.6425630699864324
0.7102780779539268
2.11042723890776
2.5931434159690543
2.5169973080145502
2.6801751120521886
1.9860399422461246
1.505406014536405
1.4707587265909374
1.2790818171244474
1.6126844084370116
1.610287736356709
1.7211915152665864
1.2409561110627074
0.9103764623839196
0.8863019778368851
1.2340982147587132
2.045678187813689
1.56198274539145
1.241435123363853
1.2196029112121605
1.5598784846953333
1.596599896804506
1.640378404021773
1.2508466501640474
0.9824255333434582
0.5517576301770097
1.0100087020084538
1.0988090788104372
1.1276333090460524
0.8610024407877648
0.8723825996760823
0.855925502321522
1.2151192901730758
1.3491687435044486
1.3845378758978653
1.0576317155555268
0.8366418526292436
0.8244327340390022
2.703315337820321
2.992861173069463
3.0746279740097515
2.350229136762454
1.8722895696933495
1.8375870610972052
1.9218275701986574
2.3329807310641493
2.3280668988672195
2.4842957428119212
1.8053952754477698
1.3337349542205488
1.3009895450480564
2.5787563833675806
2.759570936979204
1.9748080455963801
1.43548742527353
1.3985997341752043
0.6916703904724775
1.927125981614573
2.3395955682450587
2.7865249219770836
2.0246277365146996
1.499455372237509
0.8994732383192906
2.7793324259516843
2.019050778201051
1.49389212585313
1.4572947022598224
0.8097841384985525
2.1788563708799686
2.6380810210811285
3.181311980880512
2.323231064134117
1.7263484869515586
1.6844633002631937
0.7835537783120065
0.6207667291571112
0.4613400944683228
0.7747284497431239
0.8158980905862562
1.2388762221920904
1.3051324448207258
1.022754404989602
0.7988864138628461
0.7770948153902648
0.9450501991338174
0.9953439255265776
0.7785500309512685
0.6052257129901634
0.5889163875310808
1.3958756688533032
1.4710759445026382
1.1451941225024773
0.8836854579460237
0.8604232520721045
1.2236276977818965
1.2896462527006183
1.0033711093432942
0.7735556300876587
0.7532572021765309
0.577002752083104
