0.6434776305871002
0.5137276081748994
0.4745477753893642
0.43696999887776755
0.32240737030914896
0.7565555067393626
0.7916052800379269
0.6297292107348862
0.5804506355387754
0.5344405175742214
0.39221349898579916
1.1293955551545598
0.8992954245145738
0.7567155687427718
0.6965010766288279
0.5129820614079283
0.8758781340956128
1.0245274115699896
1.1021223859940092
1.366802161004228
1.0895279263148807
0.9712425921708272
0.8013028982291959
0.738745089384229
0.5443003874904616
0.6698601487318956
1.0320909448206859
0.8214271002436593
0.6866848213753386
0.6318816527741278
0.46459836596759924
1.8114203289245083
1.4389401941725521
1.2791590602154423
0.6166971327157171
0.5671861404831613
0.4151863131649753
1.6109212712629533
1.6850376130626963
1.3306656283717582
1.2199173530779543
1.1208519597502218
0.8104617685867602
2.9015724078542475
3.438414412413972
1.6132111067580026
1.6873649782674778
1.3331679615911627
1.2226375512813787
1.1243886623651749
0.8148311422754668
0.43910282207593365
2.0946730048615274
2.4832448370903695
2.687575875371013
2.686014331186935
2.8101255305625497
2.2139373551128485
2.026338493522809
1.8591020117369506
1.3399765062888787
0.7395203897153471
0.8772126431594904
0.94898351253096
0.41616164721759247
1.2565320036589145
1.8231475125350987
1.9081511757295737
1.495855056172748
1.3643021737480363
1.2509744874066686
0.8934907673120304
0.7899372417426662
0.9475843788322285
1.0307897007085645
1.0316962646614782
1.134459009006341
1.1876203039448845
0.9283908774377678
0.8450514664682032
0.7742444711043094
0.5504248957559897
1.2614833266961833
1.3204849513428167
1.0333515212404158
0.9413009149487443
0.862686613235147
0.6150618499633199
1.532449253730466
1.604079181983313
1.2557220870414878
1.1441492414689303
1.0478354583354406
0.7472835506944239
1.5343154490226223
1.611337714911268
1.2505909653508136
1.1337777433028742
1.0359710969913534
0.7477551992241686
1.2069831240198972
1.2670772226635763
0.9829636129774357
0.8898398536136909
0.8128134049732598
0.5858017416379351
1.2158192637176144
1.3293736337819069
1.3265881203891665
1.3921140738409945
1.0785501895041776
0.9754479111291514
0.8914393540950941
0.64079651936058
1.1189120276543951
1.174920235368198
0.9090765850207475
0.8213896561729694
0.7503628622081429
0.5384396284308728
1.819186842481867
2.009313657491318
2.009993936760759
2.1143768306146145
1.641074569054582
1.4073474616621722
1.3307071471816718
0.8864279573312326
1.6773412605904912
1.8601975084666027
1.8484386908681008
1.9503845267431843
1.51399097922516
1.0547975615599678
1.0328164832716358
1.2695703329290364
1.133827921303052
1.1930482807051779
0.92416942461024
0.7904919409604837
0.5820412507739862
1.3843540440891957
1.4559837947357157
1.1327603471083543
0.9733350065393479
0.9203686429815363
0.6150735662854337
0.44428706238188287
0.7772576693409411
0.8662953523416157
0.9108850267577496
0.7103776216992512
0.611928012944474
0.5786595612528982
0.3883303082526759
1.4937202295460865
2.719521562173545
1.8375584583499354
0.593516485410502
0.7100224876395784
0.7179904837605855
0.766224056061103
0.5310661355655331
0.45321954745922816
0.5083169884717507
0.8360752597807055
0.9870822544291545
0.9996981399576178
1.066562905106821
0.8215914955638913
0.6599595797533004
0.6314018753020209
0.9643445200875449
1.1499928883682613
1.1622335230449279
1.2395892549700391
0.9571884908023531
0.7702296954734871
0.7393158541515713
0.6050382599336828
1.6285925272111796
1.6988525511755195
1.2776387640629516
1.0430088938083113
0.9989056787874631
1.7931271938941749
1.9860119217994001
2.0717333616086195
1.557715145287077
1.2713484460066602
1.216259337108768
1.419814101126395
2.3841876458953637
2.4868950806728773
1.8715597709782927
1.5289477772961448
1.4644549984141892
0.7287145034918028
1.009601746700645
1.109497363069418
1.157715812159661
0.868381660023949
0.7058489152281135
1.3479240817583849
1.4941750927938053
1.5588886539185793
1.169328016098243
0.9535188450422967
0.5247578715827058
1.7961092310498181
2.163941127346083
2.1917272009365734
2.3330098957817844
1.698816008670012
1.3142806026108806
1.2488607665681113
0.6214602460647846
2.4959083839376968
3.0084644771219726
3.044936076906324
3.2450235744918245
2.362729125663855
1.831081907310347
1.7381320214796698
0.7359928804786999
2.2555866945450314
2.7272865770569275
2.6671379373352924
2.8437307126224938
2.063403684964581
1.5931009506455749
1.512898176258886
1.2294640597599298
1.52537050612598
1.55050640501508
1.6597880795480286
1.1692292118624816
0.874919907044365
0.8245825463265459
1.188938587418855
1.9813879010905997
1.4901068857727957
1.2059677297903018
1.152170721695213
1.5739726425424654
1.512844090218079
1.554185377846086
1.1671770759481999
0.9186830618381391
0.5078719986056726
0.9600964823955073
1.0596667288337516
1.0873788459431128
0.8176614834931556
0.828551615618401
0.7903573940017733
1.1454227286970622
1.2794966337238267
1.3129337131450538
0.9877348566955348
0.7957364485640992
0.7624056530483949
2.9141705064893424
3.245581678716885
3.333916400206386
2.5102116628510838
2.0360993426301435
1.9437088563824418
1.972414582153278
2.409243774721433
2.4464407851999086
2.6144234320323845
1.8574550333009114
1.3991398877810524
1.32273091130572
2.8231436221387627
3.0258328894239517
2.114145729369682
1.5686690510437766
1.4774954761773273
0.7517272522740779
1.9779746958401792
2.416155828539938
3.0338314104813033
2.1552287604150515
1.6274371425320406
0.9790161818820768
3.0261072666791433
2.1492056282823686
1.6214071299810384
1.5330487640190593
0.8902019825006864
2.314369545323955
2.819018333838657
3.4965816232036198
2.4973573249606207
1.8916683411831996
1.7901821435442948
0.8519696458108866
0.6671773828216276
0.43518924852396507
0.7920450541512281
0.8348211545385242
1.1817598110094738
1.2459498423735353
0.960730928529052
0.7619699719953493
0.722696654827508
0.9314361443122092
0.9818194685296662
0.7555576167251734
0.5964453417584191
0.565678572788395
1.3212385322099423
1.3936579286298332
1.0670998562062857
0.836318480240703
0.7932670301781608
1.166205814265073
1.2302300067862435
0.9413860616208597
0.7371443687003443
0.6992158028538106
0.5640956389087669
