0.7867237478193406
0.6280897579809743
0.5801880075194266
0.5342449509675652
0.39417925758004824
0.8850336899022695
0.9260356123208355
0.7366697645463623
0.6790227064647861
0.6251991547064928
0.4588191575432776
1.2302823080690897
0.9796277712075382
0.8400912419047384
0.773242257226505
0.5695029345821898
0.951511831843257
1.1129972495125386
1.1972926935725339
1.4348798472779758
1.1437951366473949
1.019618246213492
0.8798040812370773
0.8111176760628533
0.5976238241385443
0.703224545097168
1.144449322188537
0.9108515996761118
0.7767642420590206
0.7147719853557315
0.5255444512081688
1.8013456844314348
1.430937186437904
1.272044713216027
0.711739384940125
0.6545980082578711
0.47917273405553223
1.6174072411893428
1.6918219938255075
1.3360232193364194
1.2248290439258507
1.1253647886715104
0.8137248893557976
2.811308213144632
3.331449751744345
1.6197062961319357
1.6941587295817833
1.3385356275720874
1.2275601943241814
1.1289157309313227
0.8181118552303219
0.49619110666391253
1.9601884001361636
2.3238126968100894
2.515025038830019
2.5135637507011195
2.62970662015064
2.071795603441804
1.8962411796658336
1.7397418067730737
1.2539457939193142
0.821967646659715
0.9750108610196595
1.054783283006153
0.47499453115600626
1.1800312339839913
1.7854348584435704
1.8686801813367118
1.4649125987376588
1.3360809488602396
1.2250974984101537
0.8750084953017101
0.8581497843965178
1.0294100435098703
1.1198002989069957
1.1207851463348981
1.2108724468783068
1.267614512277246
0.9909242418615101
0.9019713615185679
0.8263950391907333
0.5874997113651261
1.319614829134381
1.3813353585928492
1.0809702849650433
0.984677815201346
0.9024408199689133
0.6434050461626908
1.5457283229357244
1.6179789430464726
1.2666032437622103
1.1540635906205416
1.0569152236412664
0.7537589559722602
1.5404929848448123
1.6178253615434204
1.2556261557950497
1.1383426146454114
1.0401421744360175
0.7507658477400123
1.2671005432039308
1.3301878088992058
1.031923067660783
0.9341609998018722
0.8532980175686997
0.6149793566020066
1.252735672530196
1.3697379395581621
1.3668678485030772
1.4343833928074674
1.1112986422625895
1.005065827983433
0.9185064853780552
0.660253281545826
1.1905029911936826
1.2500947528038049
0.9672417195837145
0.8739443481176966
0.7983730712164341
0.5728904260399663
1.7337776921254306
1.9149782279035636
1.915626568686506
2.0151087816055537
1.5640276262439765
1.3412737917400288
1.2682316695891844
0.844810979393681
1.6161839175000743
1.7923730651561336
1.7810429844277635
1.8792717851307341
1.4587895315962658
1.0163387113075462
1.0417661052733496
1.2805714882827086
1.190301625923311
1.2524716331701804
0.9702004581770733
0.8298647660071564
0.611031563197445
1.4026299418304438
1.4752053306275774
1.1477147674443122
0.9861847331851019
0.9325191208706289
0.6231936145120948
0.4949677137052106
0.8659208969331764
0.9628764290739464
1.01243729345966
0.7895758251812555
0.6801503186663072
0.6431728514791445
0.4316242716768862
1.4163223578314346
2.562251681997698
1.7312924876805085
0.6741046925950493
0.8064299855711828
0.8154798834388639
0.8702626539728838
0.6031747775555721
0.5147581090468972
0.5408404595656924
0.8895695756515762
1.0502383989164512
1.0636614823108428
1.1348044327378417
0.8741591017289675
0.7021855466245006
0.6718006443885809
0.997538206727975
1.1895767743966212
1.2022387437553166
1.2822571360387096
0.9901358598781217
0.7967417589737595
0.7647638328353524
0.653589167901514
1.5821385608800969
1.6503944882192054
1.2411954013817408
1.0132581125499929
0.9704128974471351
1.6955987608869028
1.877992462094364
1.9590515010832799
1.4729908057595433
1.2021996303691131
1.1501068256290488
1.33337231435519
2.226507349298099
2.322422139710416
1.7477825589390368
1.4278295035642774
1.367602009975615
0.756690779845902
1.0483616414714185
1.1520923775704897
1.2021619942313664
0.9017199361049807
0.7329473525750314
1.326960743425254
1.4709372128396814
1.5346443283530449
1.1511422598263477
0.9386894207251926
0.497480383821393
1.67694443005993
2.0203721231139133
2.0463146997319144
2.178223842053984
1.5861062312845504
1.227083240809308
1.1660037542330748
0.5802287968493315
2.5481685292959195
3.0714566894528597
3.10869194351172
3.312968938506451
2.412200720191895
1.869421698648313
1.77452559773386
0.6904480962065189
2.1854182865364256
2.6424441909238046
2.5519081064715445
2.720871446721564
1.9742573178818001
1.5242733319003776
1.4475356021962353
1.1717418520758573
1.4537557627336801
1.4777115542707315
1.5818625546181444
1.1143349749292046
0.8338432214914702
0.7858691535975093
1.1393075661388112
1.873619942503531
1.4090597687151623
1.140374980238411
1.0895039987619912
1.4698766106972572
1.4791966990493493
1.5196185089299574
1.141217716426927
0.8982504947668698
0.5293434295123588
1.0006867203729972
1.1044665229053559
1.1333502320879663
0.8522299615665316
0.8279582313597007
0.7897913633194268
1.1527060669266254
1.2876325005208813
1.3212821945102777
0.9940155134890543
0.8007962553509582
0.7672535210888682
2.940833882474314
3.275277320889112
3.364420266154935
2.533178993424026
2.0547287543939396
1.961492935909579
1.870212919634455
2.284407585911244
2.319677214415348
2.4789557551557624
1.7612100581445898
1.3266427444718014
1.2541929378879302
2.9415030512085014
3.1526900037571357
2.202780639593928
1.6344350191032593
1.5394390201196608
0.7586052253785683
1.8754849332090688
2.290961488153472
3.0615896310083954
2.1749481538563775
1.6423274752447667
1.390499504317686
3.053794814694144
2.1688699127188147
1.6362422907360898
1.5470754846612842
0.9689064572266783
2.335545006820708
2.844811109373338
4.396789419623046
3.1403111514796
2.3786853116072164
2.2510711192041564
0.8597647926437343
0.6464223504723234
0.4673575485352325
0.8761623601404164
0.9234813969508913
1.2102483124273622
1.2759857629729636
0.9838911207818493
0.7803386645379017
0.7401185915729872
0.9972586362738471
1.051202436401065
0.8089511697423484
0.6385947890964757
0.6056538019413601
1.320292300095705
1.3926598318772923
1.066335630725099
0.8357195335823656
0.7926989157001002
1.1918325878530904
1.2572636791101668
0.9620725366538074
0.753342737467928
0.7145807108740905
0.5321128050821933
