0.182043731011215
0.1453366614007997
0.1342524486766265
0.12362146740531921
0.09121100378119112
0.24129908715596143
0.2524780135224053
0.2008485594938915
0.1851314374780651
0.1704567713552399
0.12509427058882436
0.4389903329660239
0.3495515774262525
0.27883478260181416
0.25664692825917734
0.18902378579174237
0.3431072143921761
0.4013375064045528
0.4317337390413539
0.591354222512898
0.4713900505532148
0.4202132717895334
0.3045796140199966
0.2808010487433155
0.20689155411660662
0.28981855512628135
0.38156947918036216
0.30368594201653754
0.24018294529201487
0.22101434561391167
0.16250337919579788
0.9315262173220624
0.7399776267422544
0.6578098863576322
0.20410320213051794
0.18771695429631213
0.13741081562122165
0.8015784886862939
0.8384580471765842
0.6621260531874393
0.60701880696862
0.5577248472442561
0.40327775862843707
2.9993783433080146
3.5543161687077465
0.8027178881766384
0.8396161210792318
0.6633711894433081
0.6083723506853274
0.5594846754789433
0.40545191575230016
0.15402579281215784
1.4903036176778872
1.7667620462509195
1.9121380953272058
1.9110270985552542
1.9993288855141447
1.5751570015841245
1.4416854470975708
1.322701179274029
0.9533573165314682
0.2716042182579876
0.32217455732770856
0.3485338993288634
0.14200227084724357
0.8563225305281309
0.9918910686206713
1.0381376689330066
0.8138262318147211
0.7422543330894582
0.6805979289112015
0.4861074081490548
0.30944164034739874
0.3711966584921908
0.4037906291603496
0.40414575691208154
0.46750217922571924
0.48940955625470395
0.3825830240932118
0.3482394683240306
0.3190604284695719
0.22682603445619626
0.5516111277813313
0.5774108763975082
0.45185551482382874
0.4116043773930339
0.3772285575068126
0.2689492231356697
0.7509203494564308
0.7860199591983057
0.6153203873641628
0.5606482212332187
0.5134531969855894
0.3661787975454859
0.7634601893557289
0.8017857069260639
0.6222816929996373
0.5641565892729018
0.5154889696117629
0.37207559003272295
0.522207666372549
0.548207697682813
0.42528443376447267
0.3849939441185062
0.35166804154953085
0.2534502383420881
0.5566929639644802
0.6086866448746822
0.6074112285747086
0.6374139093450051
0.4938409183809297
0.4466329865337377
0.4081675879261609
0.2934045579852047
0.46536140776523116
0.4886555164564581
0.37808974156664754
0.3416202858429883
0.31207986799815307
0.22393987846252156
1.1182574725198164
1.2351287727325269
1.2355469416411229
1.2997112970165547
1.0087715329470428
0.8650990534256826
0.8179881122278202
0.5448888833121648
0.9765449881027353
1.083003558342536
1.076157596425526
1.1355102740355132
0.881442755587255
0.6141011947930929
0.5060937010832387
0.6221062105266084
0.49055667893658494
0.5161786823181485
0.39984681554720647
0.34201054145681326
0.2518232419745352
0.6684636300643325
0.7030515184316312
0.5469764738681226
0.46999469139995637
0.44441880074804124
0.29700083633322677
0.16211887119164445
0.2836187380813098
0.3181649555921495
0.3345414393654148
0.2609009315941374
0.22474326860672691
0.21252473894884671
0.14262236885645477
1.3822305258291936
2.4046294554353347
1.624788439441917
0.20527960146853844
0.2455755431890719
0.2483314347412533
0.26501398483488037
0.1836798932163248
0.15675508661875398
0.2114117137895862
0.3477281057607925
0.41053271047964046
0.4157797237430854
0.4435891318740845
0.3417042319091494
0.2744806664970519
0.26260336674735635
0.436239499978083
0.5202210539388753
0.5257583367662602
0.5607516665488421
0.4330023346578328
0.3484279842136937
0.3344435228518454
0.24085574832542536
0.9150030271672872
0.954477686139415
0.7178243281919972
0.5860006596194192
0.5612218554817205
1.155924978387544
1.280266562015489
1.3355261965780714
1.0041685005844492
0.8195645183327785
0.7840517687470162
0.9675987562717996
1.7822462029032604
1.8590228508979336
1.3990426890581027
1.1429307484311264
1.0947206125909672
0.32581724542563983
0.45140539746457664
0.4960699600599554
0.5176290235697378
0.38826415433123085
0.3155937587962211
0.7189342381160746
0.7969392686778053
0.8314551552864378
0.6236775184435508
0.5085726664186728
0.33270282414029967
1.3725029567141616
1.6535829470137031
1.6748157693271515
1.7827774194625707
1.2981560110629322
1.0043119771625242
0.9543211877137245
0.4748909534336495
3.1089246691868064
3.7473688896147244
3.792798223889964
4.042028909295982
2.943035454608215
2.280811166617272
2.1650319998350414
0.6249212370284715
2.3316178030777293
2.8192177017800284
2.5986916366169197
2.770752541979885
2.0104509122011343
1.5522174758105407
1.474072931385368
0.7557538015970977
0.9376480342775529
0.9530991172036429
1.0202747620039467
0.7187273306516937
0.537814863795914
0.506872396285083
0.7104657044301553
1.2772857243726914
0.9605853815597778
0.7774173671230378
0.7427375598949847
1.1765880804199225
0.8281796156199727
0.8508111689428677
0.6389503507792941
0.5029167182191352
0.22452295108057627
0.42444493128452654
0.46846351398156677
0.4807146448396695
0.3614764542302425
0.41895746603415596
0.3996445421269276
0.5655461517496513
0.6317444025248801
0.6482537759803317
0.4876886350846041
0.39289048053400555
0.3764335841704215
3.4991589132280096
3.8970973161666818
4.003164283545288
3.014109673608556
2.4448244010145097
2.333887517695154
1.8251956364488522
2.2294203584535244
2.2638410232714348
2.4192856223795225
1.7188165471681365
1.2947095610962498
1.2240036700983996
3.7360217823909396
4.00425167749654
2.7977657367959745
2.0759063400473416
1.9552513159783032
0.9026284183625408
1.8303407491099093
2.235816503859559
3.642840457542589
2.5878677689785556
1.954127656679082
2.672273504232691
3.6335657748937207
2.5806355578087916
1.9468871839209747
1.8407918256961793
1.3269240585202395
2.7789543559617345
3.3849059646437616
7.341329010978436
5.2433844698054255
3.9716961217550155
3.7586184226685107
1.0229933949644743
0.6896665365866103
0.1761882763107478
0.2948015374262152
0.3107229298939537
0.5514671559065958
0.5814213764716496
0.44832422613428335
0.35557260403327007
0.3372457458004904
0.38040931086987395
0.40098644410862
0.30857848286867257
0.243595186653841
0.23102968181161487
0.6680848085344939
0.7047037061914074
0.5395794822365064
0.4228847843325596
0.401115800859108
0.547794673513171
0.5778683630884378
0.4421914759535196
0.34625428363067234
0.32843833202883765
0.3700634812932321
