1.1041231721763378
0.889093249981842
0.8150666917005
0.76230840192943
0.5520482020153564
1.1745756793333129
1.228694623672006
0.9859134301632727
0.9018541338237842
0.843506111877279
0.6076328724854287
1.4888991581505426
1.1958182314793142
1.0432068576900446
0.9753317313347418
0.7050849849292482
1.1383938460410572
1.3552440597893576
1.44961043582383
1.6530298537164465
1.3290763192035473
1.1834760637618078
1.0768995901591087
1.0084476064648702
0.7292870250538096
0.8497255678194968
1.4175340282282867
1.1379709353778462
0.9882162105942559
0.9237180113466851
0.6666564130814729
1.9201568799908404
1.5385764834678677
1.3662514541575135
0.9291132990655973
0.8680897496818918
0.6237961371089413
1.7485186702228013
1.8296831816840893
1.4575914508118952
1.3260237731890832
1.2380092586808638
0.8789268012049497
2.3200551131177654
2.800052480691858
1.7510088866186873
1.8322216260918758
1.460330722502695
1.3289853037845278
1.2418877957299097
0.8836346310892023
0.6289581659052371
1.8162859500157853
2.1931112736922094
2.3613147338887073
2.347359718809634
2.456746703913828
1.9526104544717828
1.7733993387855143
1.6534721214271642
1.1700828297097323
1.0127629277941623
1.2235536259275883
1.316830409346283
0.6098918803639488
1.1740460277437932
1.8561709358913752
1.9433789377194617
1.5370276416963191
1.390996821042157
1.2964338849514991
0.9090199767767739
1.0257964795765253
1.2541843495971448
1.356975029761515
1.3507474927109673
1.4256374948510435
1.4929255134116288
1.1774888464085964
1.063458636291966
0.9904971786406801
0.6912924490885057
1.512036180846082
1.583279132010232
1.2500597088099823
1.1298665587621175
1.0526161139090122
0.7367342825718703
1.6823905760822537
1.7616147269641815
1.3913457271841547
1.2578871813888857
1.1710261991082869
0.8198467487506231
1.6663383567116132
1.749299108770914
1.3699347567063094
1.2322419709999355
1.1449243695037796
0.8109872064108192
1.459840630973516
1.5318970494587123
1.1991621159954877
1.077038406081075
1.0004424690498548
0.7075905954646351
1.4213116152850962
1.5450873909264637
1.534727181548773
1.6098456250896724
1.258554498525375
1.1292991072030159
1.0495431209091886
0.7403961541421705
1.3966356175356405
1.4658906218991816
1.1445223313651023
1.0259839279558567
0.9532221714654228
0.6712630626894763
1.732686695049889
1.9018298685475874
1.89367395560785
1.9906050172083856
1.5617606983614318
1.3237783711083968
1.2789492945587733
0.8326602653906148
1.6516452991471724
1.8251099506221675
1.79684128115458
1.898308338369425
1.4895578002753576
1.0315884920834346
1.1253957527692062
1.4100726329433262
1.3714282892272933
1.441976378813401
1.129161017747299
0.9545513873504191
0.7091476859424279
1.5377139810309097
1.6161760140243948
1.270983299538155
1.079480211960775
1.0428198696037474
0.6811559333165361
0.6456086845970173
1.0909217026780307
1.1964435483068523
1.2572160523277802
0.9910286861810343
0.8438725143150176
0.8151098257562361
0.5347061721505805
1.2721185375865014
2.231734387567945
1.5194221625257194
0.8569607542910946
1.0383628341337834
1.0396449607657465
1.106063581151894
0.7762536814760376
0.6709752586281343
0.6641578640699735
1.0607866624281388
1.2415877962847428
1.2450877163602385
1.3243155813960192
1.0404914647941133
0.8221123480962534
0.8039218002297822
1.1205664465653702
1.3533010348162813
1.3543491961360252
1.4401471016022098
1.1341058005911144
0.8977149611483022
0.8804796142383416
0.7685840532761173
1.6189219221585358
1.6841139355700616
1.290967852727788
1.0342036059087774
1.0168925937320288
1.6494382268938625
1.8165494350540534
1.8897306075432923
1.4482814591279556
1.1599372008651339
1.1393222742158762
1.2437326363565193
2.0386152248756595
2.1206038506180858
1.6265872632250375
1.3040439251975695
1.2822688651920964
0.8434352252130155
1.2031756312860729
1.3039495919425923
1.3567939162898548
1.0375886569469244
0.8274311503541396
1.3963702698474045
1.5390673146502862
1.6012542446944658
1.2244441897923077
0.9796978308374816
0.48152362617251426
1.5208045027917427
1.8617608799319871
1.8554278172734555
1.9724893367077911
1.466503228960088
1.114067111808397
1.0887251232820554
0.5237884783571659
2.0159956133691086
2.4690896522301533
2.458998829074351
2.6172561327852923
1.9456313130414178
1.4806771423046903
1.445405589695982
0.6027539950848019
1.8101476070794444
2.224181086508123
2.1471067401305692
2.286304411011389
1.694177316990809
1.2841759465344365
1.2546203227607902
1.1537387821925276
1.454650140859572
1.4524883295585094
1.5525241436143213
1.1193491871775727
0.8211645392699479
0.7994492227738915
1.1272417144071332
1.8121796641067607
1.383694358059916
1.0997347961519817
1.0803945640864263
1.3352127432959102
1.5301565131671666
1.5721131537064206
1.198791978223587
0.9415413539459132
0.6308371722412338
1.1547661485164187
1.2562936590245157
1.2892490635343408
0.9844038674464815
0.8840707764292439
0.8673931869846356
1.2550606781076747
1.393516382957914
1.430048110867063
1.0923964328837499
0.8641425573488816
0.8515321208420407
2.3649693728918533
2.61827575666162
2.689808654521419
2.056075312398755
1.6379544877956616
1.6075953325597905
1.6339427067447272
1.983506173815692
1.9793284211365016
2.112154583121584
1.534951672487632
1.1339448631980604
1.10610463271826
2.2927815696570226
2.453544439201571
1.7558089316839456
1.276297029595145
1.243500050848748
0.605101175848203
1.6384474296577576
1.9891301252750495
2.4377644757452557
1.7712260650380973
1.3117840829546474
0.9410141845802616
2.431472189907663
1.7663471167995586
1.3069171304652956
1.274900227104436
0.7362567653941987
1.9061514995939084
2.3078997595206996
3.118215802965133
2.27715353340399
1.6921091567848605
1.651054695032368
0.6854844722686789
0.5324416727675637
0.5803471023960416
1.0793870461089985
1.1367464693156348
1.3441288366219724
1.4160140644159283
1.1096457127058483
0.8667583143686091
0.8431153423118397
1.1769556522397084
1.2395909340526854
0.9695980809478104
0.75374178476176
0.7334303210946687
1.414577602556535
1.4907854110406635
1.1605374263756412
0.8955250703253933
0.871951197558962
1.3196195338725454
1.3908171496397483
1.0820841323001689
0.8342399586501597
0.8123491482124882
0.5082266025308577
