0.6046298545375436
0.4868771310606804
0.4463393828334251
0.41744836969849103
0.3023075980049707
0.7273220167522368
0.7608336077322766
0.6104983756997917
0.5584470877188312
0.5223167627492868
0.3762590815024399
1.1245628924211013
0.9031993885151313
0.7473539456223331
0.6987281691358045
0.5051232568128905
0.8664142742454043
1.0314556799224321
1.103276496144701
1.384258997810951
1.112977995829081
0.9910513027172378
0.7956572217136583
0.7450821117733717
0.5388269189520271
0.7115662553097029
1.0188857632975756
0.8179432465209135
0.6719377458308288
0.6280821865433537
0.4532931180923036
1.8726517050121525
1.5005117056224324
1.3324500418505414
0.5973958017899663
0.5581592390921651
0.40108476959317513
1.6595359938701126
1.7365700172916232
1.3834141540344387
1.2585419977553554
1.17500657014063
0.83419793418098
2.783302967497392
3.3591419163250245
1.661899482354323
1.7389792794487282
1.3860140233096647
1.2613528151082305
1.1786877271943492
0.8386661810913427
0.42889394426616667
2.1390959848536446
2.5828947913468676
2.7809931944874577
2.7645579428003773
2.8933863690895274
2.2996495585442043
2.0885871000132075
1.9473451170954366
1.378042638581511
0.7231692048105669
0.8736855175300979
0.9402903422535942
0.4044634628425771
1.3619485741992563
1.891265391676182
1.980122227297029
1.5660880841202993
1.4172962719649935
1.3209454430055563
0.9262067351542715
0.7807181279717947
0.9545406686843277
1.032773094890357
1.0280334109815312
1.139790216938152
1.1935866592662356
0.9413965840106748
0.850229987736552
0.7918976585541098
0.5526849380435384
1.278847524506207
1.3391032729392955
1.0572734861424118
0.9556167173769285
0.8902799606122084
0.6231139343231106
1.5761269973622904
1.6503471724056418
1.303465196759637
1.1784361933599228
1.0970615463925912
0.7680633812242537
1.581537862891066
1.6602767156500131
1.3002183372272058
1.1695327815809204
1.0866588008513847
0.7697158071726118
1.222480963820357
1.2828215229541875
1.004186914815099
0.9019196484889591
0.8377776641244014
0.5925414149878668
1.2541917344710203
1.3634137749213155
1.3542717339859205
1.4205576420036536
1.1105718355191416
0.9965144805457898
0.926136318777065
0.6533393006662915
1.1265214991235075
1.1823823481222484
0.9231677871603793
0.8275551175165141
0.7688657342791778
0.5414384841634535
1.9132526684361912
2.100022514921865
2.0910166616189767
2.1980490597965585
1.7245142079842342
1.461731372542415
1.4122305882534074
0.9194330857452055
1.7644401491398074
1.949751120979259
1.919551915740018
2.0279484035678714
1.5912833031567404
1.1020381638614853
1.0543132218363556
1.32100926896481
1.1484438378092388
1.2075213115574495
0.9455674955173488
0.7993481447670225
0.5938453336675232
1.4224834752302722
1.4950658583932186
1.1757405884250272
0.998588022411567
0.9646748683123926
0.6301126679931962
0.4580260130120949
0.7739525968394829
0.8543274103785643
0.8977223670866298
0.7076497443394378
0.6025720318059639
0.5820338682906663
0.3818100235596581
1.5436454425677022
2.7117891941976215
1.84625582000904
0.5761383081114096
0.6980956869588386
0.6989576660691128
0.7436111830297862
0.5218786046752163
0.45109947959100616
0.5357074553253548
0.8556268837804245
1.0014604582633369
1.004283481792707
1.0681884060061875
0.8392568469743809
0.6631130004112935
0.6484405668895328
0.9779728196505131
1.1810916103296225
1.1820063916747718
1.2568863952533709
0.9897892721896631
0.7834794933291265
0.7684373681014319
0.5942322007097729
1.6883340256417352
1.7563211798931384
1.3463187581423908
1.0785456132245614
1.0604923825676227
1.8674553017045887
2.056654694906896
2.139508703212101
1.6397103238610669
1.3132537127377735
1.2899139759487797
1.442788315570619
2.4334721834715505
2.531341088633594
1.9416390159102583
1.556622642307055
1.5306299968239065
0.7282484919675234
1.038859669199685
1.1258710752731866
1.1714985263975066
0.8958866693211298
0.7144300705488917
1.4015864186156
1.5448165090085708
1.6072357386695153
1.2290181077496178
0.9833574974344257
0.5406578330123983
1.8238999281717585
2.2328087068045326
2.2252134685560927
2.3656052786119046
1.7587764430299255
1.3361000190858232
1.305707387443771
0.6281792079778269
2.330510487155958
2.8542915917531237
2.842626502289298
3.0255734807060835
2.2491686733406864
1.7116771412346328
1.670902884233401
0.7318470530258392
2.1715816912737207
2.668285672753068
2.5949022408314937
2.7631306485468907
2.0475109290365303
1.552000643005512
1.5162809682795395
1.273971693794658
1.6062414928167517
1.6038543958001763
1.7143150975117216
1.2359983056358093
0.9067393721391548
0.8827610687616824
1.2241766894146922
2.0517073426570795
1.5665863217949971
1.2450939611181844
1.2231974036611448
1.5938285117170725
1.566243199768577
1.6091893313337224
1.227063877239262
0.9637463424354807
0.5390172195744922
0.9866870026391578
1.0734369261257015
1.101595587806541
0.8411213842777047
0.8503943912142689
0.8343520913206424
1.1834089257106446
1.3139601570522057
1.3484062787684108
1.0300312260904012
0.814808425832424
0.8029179225447234
2.7574675721710027
3.0528135276304336
3.1362182636294547
2.3973084238923006
1.9097948736924462
1.8743972118702747
1.9826990474240511
2.4068749688409405
2.401805497173903
2.5629826937510662
1.8625789058089954
1.3759793356361796
1.3421967567094448
2.610617329073169
2.7936658752839216
1.9992071134282707
1.4532231009708088
1.4158796565757124
0.7055257837202713
1.9881652793743556
2.4136993226908023
2.8423439929111414
2.065184646071924
1.5294921413779028
0.8560379879928833
2.8350074183445204
2.059495971322778
1.5238174532324602
1.4864869178814044
0.8114344221499812
2.222502755436608
2.6909264955587227
3.092292225737804
2.2582222056153394
1.6780416498594992
1.6373284981948957
0.7992497599223969
0.6387548638194838
0.4561129065957156
0.7810507264391717
0.8225563377258492
1.2065315642031444
1.271057965222345
0.996052268937993
0.7780290373424639
0.7568063752874213
0.9328670646836702
0.9825124284484945
0.7685133369090482
0.5974234330257726
0.5813243595776852
1.3606929345748844
1.4339978040824908
1.116329760576669
0.8614123634675174
0.8387364762939337
1.191486492404306
1.2557709284106982
0.9770154155699322
0.7532365326835146
0.7334712865085607
0.5801626510422677
