0.488760728898818
0.3902076285043806
0.3604481423619949
0.3319055162236978
0.24488817299037563
0.6270847061395239
0.656136344245912
0.521962438371628
0.48111700063367585
0.4429806827478992
0.32509324770561193
1.0538573773082578
0.8391471997377806
0.6863952200033041
0.631776362840624
0.465311471631073
0.8204640068658898
0.9597086997823057
1.0323944778036094
1.3370587188899905
1.0658183421974674
0.9501070550438666
0.7391740237543738
0.6814666232403117
0.5020981559426615
0.6552830964511157
0.9379094375141491
0.7464693236721127
0.6042326371589215
0.5560098396573662
0.4088127291441688
1.8563109843203958
1.4746000393009568
1.3108592060356852
0.5240072931757893
0.4819378239892206
0.35278363492165715
1.6410373516901857
1.7165392942330757
1.3555423456891595
1.2427236377643989
1.141806222611494
0.8256133046930657
2.8652877855244183
3.3954164958256534
1.643369995527992
1.7189101693963766
1.3580914598840443
1.2454946899166375
1.1454090436782294
0.8300643635713424
0.3870494918874337
2.1469086309491217
2.545170420937179
2.7545969369792425
2.752996451997279
2.8802026577002877
2.2691471198802513
2.076870036932638
1.905463117894523
1.37339199003561
0.6695655820747868
0.7942328598221979
0.8592145758033067
0.3606231157112099
1.2933338593488168
1.8817013356784416
1.9694350519415813
1.543897264389582
1.4081193128695106
1.291151894000933
0.9221869095658466
0.7399603315842426
0.887633617093296
0.965574793064898
0.9664240014927985
1.0880094095693245
1.1389940539318268
0.8903785878480932
0.8104514484776967
0.742543594066346
0.5278881485266465
1.2388983645038354
1.2968436537762855
1.0148509160047188
0.9244483374109835
0.8472415065647414
0.6040500923495605
1.556049918082925
1.6287829914416676
1.2750609822277998
1.1617698459694028
1.0639727711297016
0.7587921786069766
1.5629993880131876
1.6414615807285315
1.2739706914528521
1.1549736529435397
1.0553385170098497
0.7617344396261909
1.1807175577906408
1.2395039285162557
0.9615730107694944
0.8704757488939162
0.7951254987420202
0.5730539126617021
1.212648227646865
1.3259064311556414
1.3231281827929164
1.388483234887802
1.0757371714371884
0.9729037990200295
0.8891143487007251
0.6391252274691439
1.077359472104676
1.1312877270565562
0.8753165982081905
0.7908860611873639
0.7224969587736141
0.5184438271367832
1.8844616601454014
2.081410475453491
2.082115164038257
2.1902434534745727
1.6999584839806374
1.457844940427964
1.3784546706176608
0.9182341588359206
1.7378589917447578
1.9273126122061885
1.9151295416671323
2.020753538231838
1.568615104442516
1.0928541912706027
1.0487224945800324
1.2891224996493107
1.1091543100760946
1.167085955294035
0.9040582625350743
0.7732897796246732
0.5693752551058384
1.4009331526061473
1.4734207455178605
1.1463263541558977
0.9849917259787601
0.9313910340185269
0.6224397248522358
0.4007907652231183
0.7011631047742078
0.7843482883042123
0.824720009922944
0.6431795693274187
0.5540427848551198
0.5239213567898693
0.3515962676601347
1.4874640750344548
2.7200357076443633
1.8379058622359223
0.5186729395945651
0.6204873156767576
0.6274505324910343
0.6696017605482522
0.4640976963974097
0.3960677095595917
0.4894398387242259
0.8050262918393987
0.9504254045646553
0.9625727793690633
1.0269544164442876
0.791080404955488
0.6354509442033225
0.607953774960581
0.9581778217343737
1.1426390235376553
1.1548013829712631
1.231662447840427
0.9510675531426779
0.765304304085139
0.7345881476469955
0.571193074256519
1.684986105594848
1.7576790365647574
1.3218798007761539
1.0791253580712068
1.0334949727657765
1.8535267942497309
2.0529086409984134
2.1415175171947505
1.6101851388065043
1.3141724789659144
1.2572277514745918
1.4613982338854403
2.4302993267087105
2.5349931875369474
1.907756907949046
1.5585185839431526
1.4927784743656916
0.7212726130359131
0.9992913362902319
1.0981667832641624
1.1458928084842024
0.8595134391269645
0.6986405362534043
1.388320121584972
1.5389541403479188
1.6056071071320286
1.2043716967831588
0.9820949241857765
0.5429355645831366
1.8261850577949346
2.20017629462188
2.228427645669213
2.3720761174832132
1.727262661615906
1.336288214962769
1.269772924578748
0.6318665901592901
2.4489062758771096
2.9518100849334923
2.9875948638051693
3.18391438086558
2.318235004646824
1.7965995880757746
1.7054001032638795
0.7392961436108944
2.2273802258309603
2.6931814266337115
2.6444870066056536
2.819580050415006
2.0458800266336175
1.5795713844490673
1.500049739996278
1.273578847999719
1.5801028070263472
1.6061406150423607
1.719343459854538
1.2111826945004052
0.9063131845620296
0.8541696531058403
1.232126858103988
2.0481288650237297
1.5402995662999817
1.24658948220645
1.1909803785721644
1.6044142582545553
1.562302065152535
1.6049948842307977
1.205334487501426
0.9487166946089489
0.5007356789935093
0.9466057694290543
1.044776913131972
1.0720996358164285
0.8061721836365331
0.846640863279579
0.8076127711821929
1.1649700932674136
1.301332054428624
1.3353397587948943
1.0045911778239223
0.8093161952133496
0.7754165885547873
2.8608558008558824
3.1862038106666737
3.2729224497536733
2.4642873781928714
1.9988489357472663
1.9081487320573831
1.9641535101380074
2.39915312922256
2.436194347310787
2.603473431740432
1.8496754468315832
1.3932798644994469
1.3171909120510035
2.7693570264739615
2.9681846532887284
2.0738669774739753
1.5387827330687598
1.4493461991973917
0.737974413487742
1.969690336378143
2.4060362332579492
2.978327510407106
2.1157988826236105
1.5976632044601802
0.9925130452956976
2.9707446796997585
2.109885943602803
1.5917435108982034
1.5050016599139944
0.8747147127771007
2.2720281892635508
2.7674444357742654
3.4880553418707985
2.491267614084178
1.887055579862747
1.7858168524578346
0.8363828739408457
0.6588342240236058
0.41408543341002774
0.7224431841315562
0.7614602855029494
1.1852914741335148
1.2496733359901921
0.9636020517139855
0.7642471024466074
0.7248564178368305
0.8897723099558089
0.9379019504534106
0.7217609602585087
0.5697658961803013
0.5403753477637487
1.3500843042513122
1.4240847879234857
1.0903971779593982
0.8545772969849115
0.8105859316199618
1.171833060275944
1.2361661861582394
0.9459284939215283
0.740701281774748
0.7025897007449189
0.5824194722997615
