178.33889442566377
152.054557716962
100.67372130384992
72.42864001652548
131.12836089153416
119.31634335089636
176.81966538398797
150.22733837089675
99.24698850131922
71.40455530322123
128.59348153055652
177.29942192346456
150.7755041747163
99.96035490258446
71.88964806215488
129.9258236761826
102.90008257822917
131.92447655787285
191.50703810624964
177.85913788618734
151.4150309458392
172.27960966686712
100.1743648229641
72.1591440393402
130.45974612245007
150.58554392918927
177.05954365372637
150.50142127280637
99.53233506182528
71.56625288953246
129.12517906698855
176.100030574773
149.40508966516725
169.52442128446785
98.67629538030674
70.91946254428773
127.40412727249763
126.35369763593708
172.9016536449287
145.84201194034
95.82282977524534
68.81739392224202
122.14256776194509
97.73410771833441
127.02777914617424
126.5336488454336
173.14153191466718
146.1160948422498
96.0368396956248
69.03299070399032
122.7968047585422
121.48987814415808
97.1172748992425
126.28670003536205
174.82168184554976
125.51392532495366
171.78222171948332
144.56295839809434
94.8241168134736
68.00890599068602
120.31659339130624
97.34858720640199
126.6571026955631
175.2592130816538
120.96788310235519
139.71805734312719
123.77439696648811
169.46339844534637
141.91349034629965
92.75535424980414
66.4997285184481
116.56896347584076
92.72234106321258
122.08695004602804
169.8338257539643
122.09485234452124
122.81465718250718
168.18404767340883
140.45171486944741
91.61396800777949
65.63734139145505
114.5248049682172
123.17455960149994
168.6638042128853
140.99988067326697
92.04198784853878
65.96073656407746
115.41609350341069
123.29452707449762
168.8237230593776
141.18260260787358
92.18466112879184
66.01463575951452
115.54370973639904
129.67777681505626
165.305508436549
137.0713590792267
89.0458489632241
63.64307116028362
108.19310241787214
129.35405487985471
164.82575189707225
136.6145542427103
88.61782912246493
63.319675987661185
107.48301945867324
119.4350964736521
157.65821077750815
128.9655885576129
164.26603593434956
135.97502747158765
88.11847264157915
62.9962808150388
106.65716107094711
128.44763346129068
163.7063199716268
135.33550070046456
87.61911616069341
62.61942758842634
105.83247433008842
112.01854640630093
149.3009055128978
122.42640546654262
156.2700936097392
115.39216690125757
85.58254029381452
70.87228405613469
88.43771910713347
111.7989828644366
132.3650484852974
139.00253813966353
156.03021534000084
115.23127674969987
244.39684763549351
88.81921434833019
111.28666793341978
121.51998404797853
155.15066168429362
114.34638091613247
84.5812138155289
157.09099804981204
123.00910494990545
156.9897284189539
116.19661765904613
86.35279143095727
71.50299007841056
89.51751954108353
124.88589641018723
113.62981537590447
123.8507819814292
158.02920092115332
117.2424036441713
87.3541179092429
72.32290790736926
90.93300401080005
96.55966812616371
372.001932366008
183.21549760819588
93.95660952093628
154.50448962682069
138.41155312198865
121.26807847295704
194.5324331683358
94.58393523142529
95.98623526291833
83.62271325590562
154.96941523164978
139.0477059080537
121.7964086340445
109.36376745981147
86.41041921552811
95.06075711807978
95.23124502873397
156.08523668324
139.76337779237676
122.39078006526798
110.15072673099475
87.19112036657627
96.20676747780713
63.15544888392986
153.37750043231821
100.77083716365398
115.86975369339427
67.03962107961847
91.27035512108286
241.74594695270878
153.28866019561045
100.71411703196748
115.78030311907827
66.97103883958577
91.0811068025814
63.43335185683455
153.6440211424406
100.94099755871353
116.13862314621655
67.24536779971653
91.55422759883525
62.114132714300695
228.90125078116012
152.04489688170506
99.92003518835641
114.61861731737118
66.01348545930354
240.57354010554977
152.66677853865784
100.3170761101619
115.06541954879697
66.4919124298653
39.01749219065732
95.02274123816652
109.05594416661863
137.66763347217048
100.13645185033931
97.35676339842871
60.90789240587238
76.52880509237916
34.77275054784722
95.10644372416903
109.2014727592134
137.7565634282966
100.3205618014216
97.52362721640384
61.1207655054412
76.71187750674078
39.47208303057806
93.85090643413263
108.11000831475286
136.6004739986577
99.52275201339846
96.43901239956568
60.200144933312714
75.61880210671228
85.24508156396409
100.7608143887192
127.44068851767214
93.201643692907
87.8731846599748
53.08845408244499
66.45157002619969
74.62688217916887
104.6294183673762
104.4716124388009
63.49514585048786
86.3702351015731
74.14900112490656
148.3136069399883
104.26023380059723
103.96431353774999
148.89929252135775
86.07857182150657
222.02957809712987
148.04708622986567
103.95257999494804
103.79521390406626
62.95725806932413
85.52713609478967
231.8642320980828
148.22476670328078
104.0756415172077
103.96431353774999
62.89032539183273
85.80816909705088
234.20904579240104
149.2908495437711
104.93707217302534
104.89436152301012
63.901254839454744
86.83872646414035
84.5616766827876
102.65268609245068
129.75286737694998
94.73589328525922
90.03038971463722
54.77286725043052
68.69327445313024
124.86171979001598
91.42191416577845
85.5537804174437
51.214486612656145
64.15512299281355
34.50212162430677
84.79481026877248
102.94374327764008
95.10411318742382
90.36226741535448
55.113069119638425
38.288331907994404
94.85863325264745
90.11335913981651
54.90858982122868
68.8672763899524
38.02454168950752
85.80505580804073
103.88967912950578
95.84055299175294
91.52527131744733
56.008791461460895
70.26414338854453
39.08547789654396
31.05625203947368
89.95042609006885
133.95848361953432
124.47982603670891
134.75367460211544
125.25919693208077
98.15815700248174
81.78408439696642
59.6649162479375
133.71992632475983
124.26727033797137
97.2008616184335
80.59900541611732
58.820297233095204
131.73194886830683
122.49597284848964
95.35990895680219
78.48978675700512
57.31771155277409
131.49339157353262
122.28341714975188
95.13899463740637
78.23791005589904
57.138685577953176
37.83695959443512
