0.1.2	2017	232	17	3868	114	11	173.039735	0.6470588235	0.8034655157	0.1739988363	0.4953760803	0.64716732	6
0.1.2	2017	250	18	3867	114	8	141.7733529	0.4444444444	0.6217165483	0.134639202	0.3833188864	0.5007739903	7
0.1.2	2017	263	13	3867	114	5	94.08844439	0.3846153846	0.5712987288	0.1237206975	0.3522338164	0.4601639523	8
0.1.2	2017	273	10	3868	114	7	70.99140187	0.7	0.5603715449	0.1213543018	0.3454966691	0.4513624341	9
0.1.2	2017	298	25	3868	114	1	123.3820857	0.04	0.389567233	0.08436484686	0.2401873946	0.3137846954	10
1.1.2	2017	215	12	3887	81.5	5	114.4778644	0.4166666667	0.8881526166	0.228106121	0.6268726171	0.7505904765	5
1.1.2	2017	232	17	3887	81.5	12	171.7904066	0.7058823529	0.940800009	0.2416276625	0.6640320062	0.7950835406	6
1.1.2	2017	250	18	3887	81.5	5	140.2312988	0.2777777778	0.725303508	0.1862812389	0.5119310575	0.6129643661	7
1.1.2	2017	263	13	3887	81.5	3	92.89646577	0.2307692308	0.665278006	0.1708647619	0.4695640782	0.5622359561	8
1.1.2	2017	273	10	3887	81.5	5	70.07981693	0.5	0.6524395587	0.1675674362	0.4605024925	0.5513860007	9
1.1.2	2017	298	25	3887	81.5	4	121.0573665	0.16	0.450815189	0.1157838215	0.3181927205	0.3809903626	10
1.2.3	2017	232	17	3881	47	18	172.1849313	1.058823529	1.236120161	0.419954885	1.059399328	1.12885224	6
1.2.3	2017	250	18	3881	47	15	140.693915	0.8333333333	0.9539316958	0.324085221	0.8175536888	0.871151499	7
1.2.4	2017	263	13	3877	54.5	6.5	93.49245508	0.5	0.8160678437	0.2571526386	0.6664857548	0.7300569431	8
1.2.4	2017	273	10	3878	54.5	6.5	70.5109096	0.65	0.8001093958	0.2521239427	0.6534524288	0.7157804638	9
1.2.4	2017	298	25	3877	54.5	7	122.2795919	0.28	0.5550179452	0.1748927251	0.453285296	0.4965208561	10
1.3.2	2017	170	13	3875	46	12	91.05033329	0.9230769231	0.8638652148	0.2967116721	0.7453587595	0.7912477803	2
1.3.2	2017	184	14	3875	46	16	129.188967	1.142857143	1.138164902	0.3909253497	0.9820295632	1.042489542	3
1.3.2	2017	203	19	3875	46	22	180.7440868	1.157894737	1.173324924	0.4030017577	1.012366275	1.074693975	4
1.3.3	2017	232	17	3874	35	19	172.6452102	1.117647059	1.432794271	0.5654469207	1.337528919	1.361966369	6
1.3.3	2017	250	18	3874	35	15	141.2336339	0.8333333333	1.106990394	0.4368696344	1.033387483	1.052268087	7
1.3.3	2017	273	23	3874	35	17	164.3738718	0.7391304348	1.00828469	0.3979157961	0.9412446424	0.9584417427	9
1.3.4	2017	263	13	3874	50	11.4	93.67125187	0.8769230769	0.853025462	0.2808324203	0.7167788467	0.7723472912	8
1.3.4	2017	273	10	3873	50	8.5	70.75075029	0.85	0.8375872781	0.2757498726	0.7038064747	0.758369233	9
1.3.4	2017	298	25	3873	50	9	122.7695892	0.36	0.5813662506	0.1913969729	0.4885094867	0.5263812967	10
1.4.2	2017	170	28	3885	35	22	129.9052327	0.7857142857	0.6545560444	0.2583181041	0.6110351334	0.6221991092	2
1.4.3	2017	232	17	3884	54	20	171.987669	1.176470588	1.153214117	0.365097538	0.944753849	1.03299992	6
1.4.3	2017	250	18	3884	54	13	140.4626069	0.7222222222	0.8895078403	0.2816104292	0.7287163272	0.7967831079	7
1.4.4	2017	263	13	3883	63	9.7	93.13486149	0.7461538462	0.7570189214	0.2216065774	0.5879833339	0.6635757214	8
1.4.4	2017	273	10	3884	63	10	70.22351449	1	0.7420281391	0.217218238	0.5763398599	0.6504353375	9
1.4.4	2017	298	25	3883	63	7	121.5453859	0.28	0.5137316021	0.1503876572	0.3990199077	0.4503187554	10
1.5.2	2017	232	17	3896	22	14	171.1986194	0.8235294118	1.785240333	0.8920371284	1.84407714	1.799142562	6
1.5.2	2017	250	18	3896	22	11	139.5373745	0.6111111111	1.374242563	0.6866724704	1.419533969	1.384944223	7
1.5.2	2017	273	23	3896	22	14	162.0087997	0.6086956522	1.248694278	0.6239393306	1.289847944	1.258418254	9
1.5.3	2017	263	13	3895	73.5	7	92.41967432	0.5384615385	0.6963621352	0.1884898711	0.511224241	0.5972241691	8
1.5.3	2017	273	10	3896	73.5	9	69.64872427	0.9	0.6822243761	0.1846630915	0.5008452086	0.5850991396	9
1.5.3	2017	298	25	3896	73.5	12	119.9611356	0.48	0.4700181475	0.1272235459	0.3450570595	0.4031037637	10
2.1.2	2017	215	13	3936	24	27	121.6087914	2.076923077	1.588850171	0.7595644905	1.615921365	1.584804403	5
2.1.2	2017	232	17	3936	24	39	168.5684544	2.294117647	1.684180787	0.8051381712	1.712876245	1.679892273	6
2.1.2	2017	250	18	3935	24	29	136.530369	1.611111111	1.288303196	0.6158852345	1.310253601	1.285022725	7
2.1.2	2017	263	13	3935	24	13	90.03571708	1	1.176339826	0.5623601122	1.196382574	1.173344453	8
2.1.2	2017	273	10	3935	24	6	67.78065606	0.6	1.151243241	0.5503624579	1.170858387	1.148311772	9
2.1.2	2017	298	25	3936	24	23	115.1298034	0.92	0.782184273	0.3739304117	0.7955113079	0.780192558	10
2.2.3	2017	170	13	3942	5	17	86.9910559	1.307692308	2.458216081	2.608047644	2.503174884	2.535692264	2
2.2.3	2017	184	14	3941	5	23	125.0171514	1.642857143	3.280426932	3.480373346	3.340423312	3.383816929	3
2.2.4	2017	215	13	3933	24	18	121.747211	1.384615385	1.590658659	0.7604290548	1.617760666	1.586608285	5
2.2.4	2017	232	17	3933	24	31	168.7657168	1.823529412	1.686151651	0.806080361	1.714880689	1.681858119	6
2.2.4	2017	250	18	3932	24	23	136.7616771	1.277777778	1.290485823	0.6169286598	1.312473417	1.287199795	7
2.2.4	2017	263	13	3932	24	10	90.21451388	0.7692307692	1.178675852	0.5634768711	1.198758402	1.175674531	8
2.2.4	2017	273	10	3931	24	8	67.9722528	0.8	1.15449748	0.5519181768	1.174168072	1.151557725	9
2.2.4	2017	298	25	3931	24	9	115.7274566	0.36	0.7862446894	0.3758715313	0.7996409065	0.7842426351	10
2.3.2	2017	298	25	3941	62.5	8	114.5326411	0.32	0.4859917928	0.1428445005	0.3785451998	0.4264822447	10
2.4.2	2017	170	13	3950	10	42	86.50636606	3.230769231	1.73840133	1.296758166	1.904951377	1.866900381	2
2.4.2	2017	184	14	3951	10	21	124.3850581	1.5	2.321055402	1.731388198	2.543427462	2.492623044	3
2.4.2	2017	202	18	3951	10	36	165.9922756	2	2.409132591	1.79708926	2.639943014	2.587210718	4
2.4.2	2017	215	13	3950	10	19	120.9628336	1.461538462	2.430826312	1.813271663	2.663715133	2.610507994	5
2.4.2	2017	232	17	3950	10	41	167.6478966	2.411764706	2.576288629	1.921779085	2.823113677	2.766722587	6
2.4.2	2017	250	18	3949	10	26	135.4509312	1.444444444	1.965870108	1.466438199	2.15421313	2.111183184	7
2.4.2	2017	263	13	3949	10	12	89.20133205	0.9230769231	1.792558413	1.33715657	1.964297057	1.925060645	8
2.4.2	2017	273	10	3950	10	12	67.06385832	1.2	1.751999044	1.306901363	1.919851839	1.881503211	9
2.4.2	2017	298	25	3950	10	17	113.4612965	0.68	1.1856406	0.8844270324	1.299232608	1.273280715	10
2.5.1	2017	170	13	3947	55	7	86.68812475	0.5384615385	0.7532840624	0.2362695976	0.613318931	0.6730295699	2
2.5.1	2017	184	14	3946	55	3	124.7011047	0.2142857143	1.006201101	0.3155977154	0.8192423207	0.8990009584	3
2.5.1	2017	202	18	3946	55	5	166.3420112	0.2777777778	1.043931412	0.3274319305	0.8499620925	0.9327115024	4
2.5.2	2017	298	25	3945	67.5	8.5	114.0564879	0.34	0.465996004	0.1317135599	0.3530524888	0.4045109398	10
3.1.3	2017	170	28	3986	11	72	121.7771697	2.571428571	1.084168224	0.770494308	1.189223291	1.160356215	2
3.1.4	2017	215	13	3979	19	30	119.624778	2.307692308	1.753214076	0.9437967264	1.851845819	1.796071838	5
3.1.4	2017	232	17	3979	19	34.9	165.741027	2.052941176	1.857540368	0.999958044	1.962041265	1.902948412	6
3.1.4	2017	250	18	3978	19	26.1	133.2149528	1.45	1.410060109	0.7590688057	1.489386808	1.444529385	7
3.1.4	2017	263	13	3978	19	13	87.47296305	1	1.281998869	0.6901304024	1.354121141	1.313337656	8
3.1.4	2017	273	10	3978	19	10	65.72882091	1	1.252313314	0.6741499642	1.322765546	1.28292643	9
3.1.4	2017	298	25	3979	19	16	110.0286886	0.64	0.838538649	0.4514052463	0.8857128814	0.8590369384	10
3.2.3	2017	170	13	4007	46	14	83.05295097	1.076923077	0.7879878385	0.2706500796	0.6798903669	0.7217487375	2
3.2.3	2017	184	14	4008	46	18	120.7821264	1.285714286	1.064099979	0.3654862803	0.9181249884	0.9746505959	3
3.2.3	2017	202	18	4008	46	20	162.0052899	1.111111111	1.110106101	0.3812879971	0.957819915	1.016789394	4
3.2.3	2017	215	13	4007	46	18	118.3328623	1.384615385	1.122715753	0.3856190325	0.9686997539	1.028339065	5
3.3.2	2017	215	13	3995	40	15	118.8865405	1.153846154	1.208224712	0.4455368408	1.087056642	1.128047306	5
3.3.2	2017	232	17	3995	40	20	164.6889609	1.176470588	1.279893828	0.4719650634	1.151538346	1.194960483	6
3.3.2	2017	250	18	3994	40	14	131.9813095	0.7777777778	0.968720086	0.3572187214	0.871570986	0.9044361306	7
3.3.2	2017	263	13	3994	40	7.5	86.51938016	0.5769230769	0.8792824884	0.3242383128	0.7911027307	0.8209335833	8
3.3.2	2017	273	10	3994	40	5.5	64.9659424	0.55	0.8583098955	0.3165046001	0.772233396	0.801352725	9
3.3.2	2017	298	25	3995	40	17	108.1429212	0.68	0.5715003028	0.2107426185	0.5141868013	0.5335757253	10
3.4.2	2017	215	13	3989	34	17	119.1633795	1.307692308	1.311803807	0.5253815496	1.233898523	1.251767028	5
3.4.2	2017	232	17	3989	34	21	165.0834857	1.235294118	1.389709854	0.5565831662	1.307177892	1.326107581	6
3.4.2	2017	250	18	3988	34	18	132.4439258	1	1.053001447	0.4217303907	0.9904658938	1.004809168	7
3.4.2	2017	263	13	3988	34	9.5	86.87697374	0.7307692308	0.9563806046	0.3830334393	0.8995831607	0.9126103309	8
3.4.2	2017	273	10	3988	34	5.5	65.25202184	0.55	0.9338204939	0.3739980441	0.8783628478	0.8910827195	9
3.4.2	2017	298	25	3988	34	15	108.9679026	0.6	0.6237750663	0.2498238754	0.5867303697	0.5952270121	10
3.5.2	2017	215	13	3987	25	18	119.2556592	1.384615385	1.527137507	0.7150722284	1.541001059	1.515711646	5
3.5.2	2017	232	17	3987	25	26.5	165.214994	1.558823529	1.617867818	0.7575561077	1.632555032	1.605763124	6
3.5.2	2017	250	18	3986	25	15	132.5981312	0.8333333333	1.226330125	0.5742211235	1.237462909	1.217154869	7
3.5.2	2017	263	13	3986	25	10.5	86.99617161	0.8076923077	1.11403616	0.5216402032	1.124149525	1.105701074	8
3.5.2	2017	273	10	3987	25	10	65.29970175	1	1.087060453	0.5090090032	1.096928928	1.078927196	9
3.5.2	2017	298	25	3987	25	11	109.0857677	0.44	0.7263912138	0.3401279724	0.7329854872	0.7209564411	10
11.1.2	2017	215	14	4032	24	32	125.9335814	2.285714286	1.527829333	0.7303929155	1.553860839	1.523938945	5
11.1.2	2017	232	17	4031	24	36.5	162.3218124	2.147058824	1.621770092	0.7753021622	1.649402182	1.617640497	6
11.1.2	2017	250	18	4031	24	27	129.1285095	1.5	1.218459107	0.5824956231	1.239219492	1.215356483	7
11.1.2	2017	263	13	4030	24	13.5	84.37381865	1.038461538	1.102365665	0.5269960818	1.121148024	1.099558656	8
11.1.2	2017	273	10	4031	24	10	63.20283669	1	1.073489735	0.5131916769	1.091780099	1.070756254	9
11.1.2	2017	297	24	4030	24	22	101.5578438	0.9166666667	0.71872633	0.3435937563	0.7309721538	0.716896201	10
11.2.2	2017	215	14	4037	35	16	125.6839657	1.142857143	1.266572527	0.4998481287	1.182359127	1.203961532	5
11.2.2	2017	232	17	4037	35	20	161.9272876	1.176470588	1.343845507	0.5303436223	1.254494287	1.277414645	6
11.2.2	2017	250	18	4036	35	15.5	128.742996	0.8611111111	1.00908867	0.398233084	0.9419951669	0.9592059797	7
11.2.2	2017	263	13	4036	35	7.5	84.01622506	0.5769230769	0.9117967415	0.3598371868	0.851172101	0.8667235223	8
11.2.2	2017	273	10	4037	35	5	62.91807009	0.5	0.8876742394	0.3503173312	0.8286534848	0.8437934776	9
11.2.2	2017	297	24	4036	35	10	100.8944128	0.4166666667	0.5931084333	0.2340680333	0.553673125	0.5637890628	10
11.3.2	2017	184	14	4044	30	21	118.5065906	1.5	1.288298316	0.5498541263	1.249801195	1.249635385	3
11.3.2	2017	201	17	4044	30	22	150.778378	1.294117647	1.349870532	0.5761335498	1.309533501	1.309359766	4
11.3.2	2017	215	14	4043	30	19	125.3844268	1.357142857	1.363068037	0.5817663313	1.322336637	1.322161203	5
11.3.2	2017	232	17	4044	30	24.5	161.4670088	1.441176471	1.44556242	0.6169754721	1.402365911	1.402179859	6
11.3.2	2017	250	18	4043	30	21.2	128.2032771	1.177777778	1.083998278	0.4626575374	1.051606082	1.051466566	7
11.3.2	2017	263	13	4043	30	9.3	83.59903254	0.7153846154	0.9787231709	0.4177254347	0.9494768205	0.9493508538	8
11.3.2	2017	273	10	4043	30	9	62.63330349	0.9	0.9532510436	0.4068537646	0.9247658551	0.9246431668	9
11.3.2	2017	297	24	4043	30	9	100.1213793	0.375	0.6349178737	0.2709870908	0.615945164	0.6158634468	10
11.4.2	2017	215	14	4051	39	15	124.9850416	1.071428571	1.194251507	0.4460871072	1.082285693	1.118836069	5
11.4.2	2017	232	17	4051	39	22.5	161.0067299	1.323529412	1.266954162	0.4732436291	1.148172186	1.186947645	6
11.4.2	2017	250	18	4050	39	14.5	127.6635582	0.8055555556	0.9487684495	0.3543921617	0.859817646	0.8888549491	7
11.4.2	2017	263	13	4050	39	10	83.18184003	0.7692307692	0.855955063	0.3197237063	0.7757058824	0.8019026079	8
11.4.2	2017	273	10	4050	39	6	62.30107579	0.6	0.8334150531	0.3113043677	0.7552790879	0.7807859705	9
11.4.2	2017	297	24	4050	39	17	99.34894387	0.7083333333	0.5537551872	0.2068434063	0.5018384431	0.5187862634	10
4.1.2	2017	184	14	4145	14	32	112.1224485	2.285714286	1.773150471	1.114784129	1.930227902	1.869419215	3
4.1.2	2017	201	17	4145	14	37	144.0958324	2.176470588	1.876651166	1.179855274	2.042897375	1.97853922	4
4.1.2	2017	215	14	4144	14	27	120.3421891	1.928571429	1.903140826	1.196509389	2.071733665	2.006467069	5
4.1.2	2017	232	17	4144	14	35	154.8915961	2.058823529	2.017251225	1.268250882	2.19595272	2.126772805	6
4.1.2	2017	248	16	4144	14	28	108.7339535	1.75	1.504617992	0.9459570881	1.637907034	1.58630744	7
4.1.2	2017	262	14	4144	14	14.8	83.16516178	1.057142857	1.315208041	0.826874579	1.431717893	1.386613952	8
4.1.2	2017	274	12	4144	14	11	70.49761568	0.9166666667	1.300691305	0.8177478712	1.415915169	1.371309067	9
4.1.2	2017	297	23	4144	14	15.5	82.6963267	0.6739130435	0.796048333	0.5004775746	0.8665675748	0.8392677744	10
4.2.2	2017	184	14	4148	16	30	111.9328206	2.142857143	1.657641532	0.9737863991	1.7858032	1.727687016	3
4.2.2	2017	199	15	4147	16	32	127.9523033	2.133333333	1.768552907	1.038941613	1.905289763	1.843285074	4
4.2.2	2017	215	16	4147	16	27	136.2036211	1.6875	1.764939726	1.036819039	1.901397226	1.839519215	5
4.2.2	2017	232	17	4147	16	28	154.6943337	1.647058824	1.886629809	1.108306237	2.03249586	1.966351448	6
4.2.2	2017	248	16	4146	16	17	108.6010673	1.0625	1.407263158	0.8267008862	1.516066654	1.466728626	7
4.2.2	2017	297	49	4146	16	26	235.9157077	0.5306122449	0.9982101584	0.5864014971	1.075387447	1.040390638	10
4.3.2	2017	170	14	4159	25	20	81.25909757	1.428571429	0.9662432165	0.4524371163	0.9750148975	0.9590138997	2
4.3.2	2017	184	14	4155	25	27	111.4903553	1.928571429	1.325719861	0.6207597224	1.337754917	1.315800982	3
4.3.3	2017	215	14	4158	35	18	119.643265	1.285714286	1.205697733	0.475824118	1.125531849	1.146095986	5
4.3.3	2017	232	17	4158	35	21.5	153.9710384	1.264705882	1.277816057	0.5042853459	1.192855083	1.214649256	6
4.3.3	2017	248	16	4157	35	15.5	107.8707745	0.96875	0.9511785284	0.3753790622	0.8879354241	0.9041585333	7
4.3.3	2017	262	14	4157	35	14	82.31052647	1	0.8294793289	0.3273509266	0.7743279077	0.7884753398	8
4.3.3	2017	297	35	4157	35	14	151.1747906	0.4	0.6093819065	0.2404902989	0.5688645879	0.5792580828	10
4.4.2	2017	215	14	4135	26	19	120.7914974	1.357142857	1.408880006	0.6466797422	1.410502925	1.391596254	5
4.4.2	2017	232	17	4135	26	26.7	155.4833833	1.570588235	1.493484561	0.6855134623	1.495204937	1.475162904	6
4.4.2	2017	248	16	4134	26	18.3	109.3983845	1.14375	1.116494538	0.5124740195	1.117780651	1.10279769	7
4.4.2	2017	262	14	4134	26	12	83.82257356	0.8571428571	0.9776842781	0.4487597341	0.9788104933	0.9656903168	8
4.4.2	2017	274	12	4134	26	9	71.07440298	0.75	0.967158495	0.4439283712	0.9682725854	0.9552936612	9
4.4.2	2017	297	23	4134	26	12	83.68296197	0.5217391304	0.5941209738	0.2727031376	0.5948053543	0.5868324614	10
4.5.1	2017	170	26	4124	56	9	110.6714994	0.3461538462	0.4766027543	0.1481251128	0.3856836237	0.4247522546	2
4.5.1	2017	184	14	4123	56	8	113.5130537	0.5714285714	0.9078453497	0.2821525759	0.7346602199	0.8090791663	3
4.5.2	2017	215	14	4122	55	12	121.4404983	0.8571428571	0.9798915843	0.307345664	0.7978212855	0.8754944442	5
4.5.2	2017	232	17	4122	55	14.5	156.3381869	0.8529411765	1.038863942	0.3258425045	0.8458361913	0.9281839175	6
4.5.2	2017	248	16	4121	55	8.5	110.2621448	0.53125	0.7784827188	0.2441732248	0.6338355114	0.6955435746	7
4.5.2	2017	262	14	4121	55	6	84.67720887	0.4285714286	0.683252173	0.2143039048	0.5562994271	0.6104588416	8
4.5.2	2017	274	12	4121	55	6	71.82422647	0.5	0.6761331576	0.2120710062	0.5505031716	0.6040982824	9
4.5.2	2017	297	23	4121	55	8	84.98098058	0.347826087	0.4173846037	0.1309138176	0.3398318001	0.3729166649	10
5.1.3	2017	168	22	4268	6	61	83.99356006	2.772727273	1.282246688	1.240013271	1.345635756	1.354316487	2
5.1.4	2017	246	47	4264	6.5	144.5	366.1189138	3.074468085	2.515225551	2.33542124	2.668430434	2.675727474	7
5.1.4	2017	280	34	4263	6.5	72.5	182.9374163	2.132352941	1.737305734	1.613112076	1.843126749	1.848166929	9
5.3.2	2017	180	14	4279	65	10	98.24493979	0.7142857143	0.7302053342	0.2103890214	0.5608449347	0.6372528664	3
5.3.2	2017	199	19	4279	65	15	151.2207824	0.7894736842	0.8281723483	0.2386155808	0.6360899391	0.722749038	4
5.3.2	2017	216	17	4280	65	13.5	137.6577984	0.7941176471	0.8425869804	0.2427687692	0.6471613091	0.7353287401	5
5.3.2	2017	230	14	4280	65	11.5	121.0768692	0.8214285714	0.8999036076	0.2592830133	0.6911841866	0.7853491703	6
5.3.2	2017	262	32	4279	65	14	189.8495411	0.4375	0.6173371597	0.1778690935	0.474154875	0.5387523976	8
5.3.2	2017	280	18	4279	65	9	95.01508537	0.5	0.5492662367	0.1582562885	0.4218720026	0.4793466541	9
5.4.1	2017	168	22	4274	39	9	83.57386543	0.4090909091	0.5081753595	0.1898180365	0.460531905	0.4760847429	2
5.4.1	2017	180	12	4274	39	9	88.01901929	0.75	0.9812079849	0.3665092563	0.8892158463	0.9192459698	3
5.4.1	2017	199	19	4274	39	21.5	151.5966076	1.131578947	1.067337274	0.3986810101	0.9672701733	0.9999363058	4
5.4.1	2017	216	17	4272	39	17	138.1488996	1	1.087087002	0.4060580986	0.9851682859	1.018438864	5
5.4.1	2017	230	14	4272	39	17	121.5112816	1.214285714	1.16105919	0.4336888272	1.052205288	1.087739804	6
5.4.1	2017	246	16	4272	39	8	105.0315267	0.5	0.8781434981	0.3280117216	0.7958140638	0.822689872	7
5.4.1	2017	262	16	4271	39	9	85.87062635	0.5625	0.7179437886	0.2681725466	0.6506337122	0.672606567	8
5.4.1	2017	280	18	4274	39	10	95.46363346	0.5555555556	0.7094654479	0.2650056437	0.6429502495	0.6646636225	9
5.5.2	2017	180	14	4262	31	21	99.33780244	1.5	1.062637606	0.4460454297	1.022876288	1.026377273	3
5.5.2	2017	199	19	4262	31	36	152.498588	1.894736842	1.202017775	0.5045506881	1.15704119	1.16100138	4
5.5.2	2017	216	17	4263	31	22	138.7013884	1.294117647	1.221885625	0.5128902795	1.176165633	1.18019128	5
5.5.2	2017	230	14	4263	31	21	121.9999955	1.5	1.305059906	0.5478029419	1.256227735	1.260527409	6
5.5.2	2017	246	16	4262	31	19	105.6586421	1.1875	0.9889713506	0.4151237908	0.9519664452	0.9552247285	7
5.5.2	2017	262	16	4262	31	10.5	86.56279294	0.65625	0.8102330349	0.3400978285	0.779916083	0.7825854917	8
5.5.2	2017	280	18	4262	31	12.8	96.54133964	0.7111111111	0.803229193	0.3371579442	0.7731743079	0.7758206416	9
6.1.1	2017	168	12	4321	44	12	56.21218749	1	0.5905424442	0.2074678654	0.5165417273	0.5442213109	2
6.1.2	2017	218	19	4318	17.5	46.5	152.9199593	2.447368421	1.596732896	0.8962451102	1.704065976	1.6498142	5
6.1.2	2017	230	12	4318	17.5	29	101.4185189	2.416666667	1.676709086	0.9411356923	1.789418201	1.732449094	6
6.1.2	2017	248	18	4317	17.5	21	112.7603763	1.166666667	1.242812783	0.6975899863	1.326355199	1.284128474	7
6.1.2	2017	261	13	4317	17.5	12	66.2389469	0.9230769231	1.010861758	0.5673960307	1.078812325	1.044466539	8
6.1.2	2017	279	18	4317	17.5	25.5	92.53121435	1.416666667	1.019852716	0.5724426494	1.088407659	1.05375639	9
6.2.3	2017	199	33	4319	12.5	77	243.8968739	2.333333333	1.730128136	1.152223042	1.893555184	1.838897623	4
6.2.3	2017	218	19	4319	12.5	38	152.8510568	2	1.883218968	1.254177793	2.0611069	2.001612951	5
6.2.3	2017	230	12	4319	12.5	24	101.3717322	2	1.977523242	1.316982135	2.164319109	2.101845935	6
6.2.3	2017	248	18	4318	12.5	25	112.6867167	1.388888889	1.465501256	0.9759880096	1.60393178	1.557634213	7
6.2.3	2017	261	13	4318	12.5	16	66.17799672	1.230769231	1.191670639	0.7936235128	1.304235258	1.266588445	8
6.2.3	2017	279	18	4319	12.5	20	92.35271723	1.111111111	1.201055698	0.7998737323	1.314506824	1.276563522	9
6.3.2	2017	168	12	4317	11	40	56.42742593	3.333333333	1.172189489	0.8330490688	1.285773749	1.254563018	2
6.3.3	2017	218	19	4315	9	51	153.1266667	2.684210526	2.217408068	1.745054494	2.420795858	2.385409645	5
6.3.3	2017	230	12	4315	9	26	101.5588792	2.166666667	2.328547218	1.832518716	2.542129048	2.504969235	6
6.3.3	2017	248	18	4314	9	41.5	112.9813548	2.305555556	1.726961551	1.359083183	1.885364012	1.857804525	7
6.3.3	2017	261	13	4314	9	22.5	66.42179743	1.730769231	1.405774519	1.106315602	1.534716673	1.512282807	8
6.3.3	2017	279	18	4314	9	21	92.79896003	1.166666667	1.418466226	1.116303714	1.548572505	1.525936099	9
6.4.1	2017	168	12	4336	32	25	55.40504337	2.083333333	0.6807470753	0.2811721812	0.650215845	0.6547995734	2
6.4.1	2017	199	31	4336	32	35.5	231.5272928	1.14516129	1.101179787	0.4548254906	1.05179232	1.059206981	4
6.4.1	2017	218	19	4333	32	23	151.8864225	1.210526316	1.178645176	0.4868213863	1.125783418	1.133719683	5
6.4.1	2017	230	12	4333	32	16	100.7167179	1.333333333	1.237479604	0.5111220483	1.181979146	1.190311566	6
6.4.1	2017	248	18	4331	32	19	111.7301256	1.055555556	0.9151989494	0.3780089465	0.8741526476	0.8803150294	7
6.4.1	2017	261	13	4332	32	9	65.32469424	0.6923076923	0.7408866416	0.3060119104	0.7076581761	0.712646847	8
6.5.3	2017	199	33	4326	20	47	242.9228534	1.424242424	1.367591166	0.7172634706	1.434103779	1.393224214	4
6.5.3	2017	218	19	4326	20	31.5	152.3687396	1.657894737	1.489855426	0.7813876693	1.562314345	1.517780099	5
6.5.3	2017	230	12	4326	20	19.5	101.044225	1.625	1.564343436	0.8204545553	1.640425069	1.593664253	6
6.5.3	2017	248	18	4326	20	20	112.0974405	1.111111111	1.15697785	0.606802653	1.213247312	1.178663328	7
6.5.3	2017	261	13	4325	20	6	65.75134548	0.4615384615	0.9396435673	0.492816876	0.9853430062	0.9572555038	8
7.1.0	2017	296	18	4479	13	10	35.93768232	0.5555555556	0.4584444431	0.2992874342	0.500996383	0.4859940305	10
7.3.1	2017	183	16	4475	8.6	34.6	102.2935251	2.1625	1.798814932	1.448718433	1.958985814	1.93512403	3
7.3.1	2017	198	15	4476	8.6	33	109.8470061	2.2	2.060417772	1.65940651	2.243882412	2.216550392	4
7.3.1	2017	217	19	4476	8.6	27	139.8350619	1.421052632	2.070717242	1.667701433	2.255098972	2.227630326	5
7.3.1	2017	230	13	4476	8.6	21	102.3379008	1.615384615	2.214886487	1.783811567	2.412105399	2.382724309	6
7.3.1	2017	247	17	4475	8.6	23.7	96.48022359	1.394117647	1.596789623	1.286012541	1.738971677	1.717789815	7
7.3.1	2017	261	14	4475	8.6	11.3	61.34099816	0.8071428571	1.232767353	0.9928385391	1.342535975	1.32618297	8
7.3.1	2017	279	18	4475	8.6	8.5	78.58734557	0.4722222222	1.228396121	0.9893180634	1.337775517	1.321480498	9
7.3.1	2017	296	17	4475	8.6	3.5	31.55077376	0.2058823529	0.5221790151	0.4205493024	0.5686751122	0.561748261	10
7.4.2	2017	183	16	4474	3.8	57.8	102.3650526	3.6125	2.689894174	3.280971136	2.58344088	2.625211658	3
7.4.2	2017	198	15	4474	3.8	57	109.9661329	3.8	3.082273388	3.759571704	2.960291581	3.00815553	4
7.4.2	2017	217	19	4475	3.8	61.5	139.9035217	3.236842105	3.095840011	3.776119454	2.973321301	3.021395923	5
7.4.2	2017	230	13	4473	3.8	34	102.4893482	2.615384615	3.314658889	4.04302156	3.183480361	3.234952974	6
7.4.2	2017	247	17	4473	3.8	38	96.61483632	2.235294118	2.389452293	2.9145102	2.294889069	2.331994351	7
7.4.2	2017	261	14	4472	3.8	23	61.53986701	1.642857143	1.848127718	2.25423504	1.774987561	1.803686732	8
7.4.2	2017	279	18	4473	3.8	24	78.76164822	1.333333333	1.839694685	2.243948933	1.766888268	1.795456484	9
7.4.3	2017	296	18	4472	7	18	36.32642395	1	0.6283110136	0.5618318779	0.672437353	0.6717479647	10
7.5.1	2017	183	16	4489	5	31	101.2921392	1.9375	2.325651124	2.467402675	2.36818542	2.398949225	3
7.5.1	2017	198	15	4489	5	37	109.0726819	2.466666667	2.671243867	2.834059759	2.720098778	2.755434097	4
7.5.2	2017	217	19	4488	5.5	59	139.0135438	3.105263158	2.564695557	2.592358733	2.655481031	2.681905189	5
7.5.2	2017	230	13	4486	5.5	27	101.833076	2.076923077	2.745856366	2.775473568	2.843054597	2.871345262	6
7.5.2	2017	247	17	4486	5.5	27	95.73985358	1.588235294	1.974131795	1.995425065	2.044012405	2.064351962	7
7.5.2	2017	261	14	4485	5.5	22	60.67983313	1.571428571	1.519317877	1.535705458	1.573098916	1.588752507	8
7.5.2	2017	279	18	4485	5.5	10	77.7181613	0.5555555556	1.513499626	1.52982445	1.56707471	1.582668355	9
7.8.1	2017	183	16	4593	14	24	93.88722138	1.5	1.29917471	0.8167943838	1.414264223	1.369710132	3
7.8.1	2017	198	15	4590	14	26	103.0567783	1.733333333	1.521130088	0.9563382846	1.655881882	1.603716019	4
7.8.1	2017	217	19	4591	14	30	131.9621808	1.578947368	1.537718847	0.9667676787	1.673940183	1.621205423	5
7.8.1	2017	230	13	4589	14	18	96.63338145	1.384615385	1.645753847	1.034689553	1.791545639	1.735105911	6
7.8.1	2017	247	17	4589	14	23	88.80794576	1.352941176	1.156602049	0.727158596	1.25906153	1.219396847	7
7.8.1	2017	261	14	4588	14	8	53.99618992	0.5714285714	0.8539179342	0.5368603373	0.9295636491	0.90027926	8
7.8.1	2017	279	18	4589	14	9	68.85013961	0.5	0.8468634206	0.5324251471	0.9218842	0.8928417394	9
8.1.1	2017	168	14	4372	15	16	68.15149072	1.142857143	1.041820194	0.6324269088	1.128644894	1.092144911	2
8.1.2	2017	231	13	4369	12.5	29	106.3848609	2.230769231	1.91567774	1.275794542	2.096631711	2.036112337	6
8.1.2	2017	248	17	4369	12.5	26.5	101.5866775	1.558823529	1.398858577	0.9316056144	1.530994066	1.486801849	7
8.1.2	2017	261	13	4369	12.5	14	63.07632119	1.076923077	1.135818606	0.7564274242	1.243107469	1.207225113	8
8.1.2	2017	279	18	4369	12.5	21	87.90791258	1.166666667	1.143250599	0.7613769496	1.251241484	1.215124339	9
8.2.1	2017	168	14	4378	9	26	67.76959242	1.857142857	1.33184975	1.048138331	1.454011287	1.432757139	2
8.2.2	2017	218	19	4375	18.7	41	148.9925193	2.157894737	1.505799911	0.8171909178	1.593892444	1.545226035	5
8.2.2	2017	231	13	4375	18.7	23.5	106.0807414	1.807692308	1.566930011	0.8503659511	1.658598786	1.607956694	6
8.2.2	2017	248	17	4375	18.7	24.5	101.1693951	1.441176471	1.142764226	0.6201730653	1.209618391	1.172685043	7
8.2.2	2017	279	31	4375	18.7	22.8	150.0887804	0.735483871	0.929700232	0.5045441828	0.9840896946	0.9540424275	9
8.3.1	2017	168	22	4380	33	33	76.21241978	1.5	0.503093309	0.2045706878	0.4768449003	0.4819655162	2
8.3.1	2017	199	31	4380	33	36	225.7900561	1.161290323	1.057763529	0.4301138752	1.002575736	1.013341932	4
8.3.1	2017	218	19	4378	33	19.5	148.7858119	1.026315789	1.137243307	0.4624323983	1.077908733	1.089483894	5
8.3.1	2017	231	13	4380	33	14.7	105.8273085	1.130769231	1.182224268	0.4807228146	1.120542855	1.132575845	6
8.3.1	2017	248	17	4377	33	19.8	101.030301	1.164705882	0.8630743241	0.3509482335	0.8180442527	0.82682885	7
8.3.2	2017	261	13	4377	23	13	62.59120642	1	0.8350668534	0.4079401105	0.8559502324	0.8371900739	8
8.3.2	2017	279	18	4378	23	16	87.11119399	0.8888888889	0.8393686348	0.410041582	0.8603595927	0.8415027928	9
8.4.2	2017	199	33	4378	24.5	55	235.6872726	1.666666667	1.20082471	0.5680811536	1.216501871	1.19478086	4
8.4.2	2017	218	19	4376	24.5	31.5	148.9236168	1.657894737	1.317854304	0.6234450267	1.335059325	1.311221435	5
8.4.2	2017	231	13	4378	24.5	20.5	105.9286817	1.576923077	1.370022312	0.648124451	1.387908404	1.363126878	6
8.4.2	2017	248	17	4375	24.5	22.7	101.1693951	1.335294118	1.000593453	0.4733565845	1.01365653	0.9955573841	7
8.4.2	2017	261	13	4378	24.5	6.3	62.53062752	0.4846153846	0.8087361566	0.3825935335	0.819294473	0.8046657211	8
8.4.2	2017	279	18	4375	24.5	19.5	87.37641614	1.083333333	0.816167219	0.3861089896	0.8268225504	0.8120593823	9
8.5.2	2017	199	33	4364	4	68	237.6353136	2.060606061	2.952196077	3.508256374	2.869789401	2.916394677	4
8.5.2	2017	218	19	4364	4	35.5	149.7504463	1.868421053	3.231191399	3.839801803	3.140996934	3.192006611	5
8.5.2	2017	231	13	4364	4	28.5	106.6382939	2.192307692	3.362931301	3.996355548	3.26905949	3.322148898	6
8.5.2	2017	248	17	4364	4	25	101.9344128	1.470588235	2.458216128	2.921232931	2.389598253	2.428405242	7
8.5.2	2017	261	13	4363	4	8	63.44090775	0.6153846154	2.000664177	2.377498874	1.944818263	1.976402042	8
8.5.2	2017	279	18	4364	4	16.5	88.35082629	0.9166666667	2.012270081	2.391290807	1.956100205	1.987867201	9
10.1.1	2017	183	15	4563	6	30	91.5098431	2	2.048919186	1.981433842	2.150209429	2.164080486	3
10.1.1	2017	198	15	4564	6	36	104.6054267	2.4	2.342131278	2.264988394	2.457916736	2.47377282	4
10.1.1	2017	217	19	4565	6	30	133.7421365	1.578947368	2.364084161	2.286218214	2.48095488	2.496959584	5
10.1.1	2017	230	13	4564	6	20	97.89544325	1.538461538	2.529108158	2.445806808	2.654136993	2.671258899	6
10.1.1	2017	247	17	4563	6	22	90.55726349	1.294117647	1.789050693	1.730124649	1.877494093	1.889605856	7
10.1.1	2017	261	14	4563	6	13	55.60220989	0.9285714286	1.333866283	1.289932669	1.399807215	1.408837407	8
10.1.1	2017	279	18	4563	6	17	71.02404198	0.9444444444	1.325199175	1.28155103	1.39071164	1.399683157	9
10.2.3	2017	217	19	4620	3.5	64	129.9768456	3.368421053	2.99488671	3.808891685	2.818339924	2.861802411	5
10.2.3	2017	230	13	4618	3.5	46	95.16938977	3.538461538	3.204955021	4.076056197	3.016024834	3.062535881	6
10.2.3	2017	247	17	4617	3.5	41	86.93021686	2.411764706	2.238668809	2.84713508	2.106700618	2.139188696	7
10.2.3	2017	261	14	4616	3.5	24	52.21511419	1.714285714	1.632812074	2.076607543	1.536558776	1.560254521	8
10.2.3	2017	279	18	4616	3.5	22	66.62662694	1.222222222	1.620478706	2.060921988	1.524952453	1.548469214	9
10.2.4	2017	296	19	4616	4	9	32.06726378	0.4736842105	0.6919209222	0.822247548	0.6726068583	0.6835299693	10
10.3.3	2017	183	15	4560	6	64	91.71009918	4.266666667	2.05340295	1.985769924	2.154914852	2.168816263	3
10.3.3	2017	198	15	4560	6	64	104.8436803	4.266666667	2.347465812	2.270147224	2.463514988	2.479407186	4
10.3.4	2017	230	13	4558	4	63	98.19833808	4.846153846	3.096769958	3.680061438	3.010327691	3.059215304	6
10.3.4	2017	247	17	4559	4	57	90.82648895	3.352941176	2.19034116	2.602902428	2.129200663	2.163778805	7
10.3.4	2017	261	14	4558	4	61	55.92430497	4.357142857	1.637648604	1.946107577	1.591935794	1.617788774	8
10.3.5	2017	296	19	4557	1.5	31	35.46397128	1.631578947	1.239564117	2.424916461	0.8891156534	0.869175842	10
10.5.2	2017	230	13	4562	4	60.5	97.99640819	4.653846154	3.090401923	3.672493954	3.004137412	3.052924494	6
10.5.2	2017	247	17	4562	4	45.5	90.62456986	2.676470588	2.185471747	2.597115838	2.124467174	2.158968443	7
10.5.2	2017	261	14	4561	4	31	55.73104792	2.214285714	1.631989398	1.939382432	1.586434558	1.612198197	8
10.5.2	2017	279	18	4561	4	32.5	71.19258095	1.805555556	1.621475505	1.926888196	1.576214145	1.601811806	9
10.5.3	2017	296	19	4561	3	45	35.22793638	2.368421053	0.875639524	1.204388563	0.7905665198	0.8000944397	10
10.6.2	2017	183	15	4547	4	56	92.57787557	3.733333333	2.530253948	3.00683942	2.459625232	2.499569457	3
10.6.2	2017	198	15	4547	4	59	105.6180046	3.933333333	2.886654846	3.430370137	2.806077667	2.851648266	4
10.6.3	2017	230	13	4546	2	48	98.80412774	3.692307692	4.381505609	7.405527783	3.484310476	3.463736393	6
10.6.3	2017	247	17	4545	2	35	91.76877806	2.058823529	3.111986207	5.259813034	2.47474889	2.460136045	7
10.6.3	2017	261	14	4545	2	27	56.7617522	1.928571429	2.337326557	3.950499736	1.858715276	1.847739973	8
10.6.3	2017	279	18	4545	2	25	72.547701	1.388888889	2.32350058	3.927131363	1.847720426	1.836810045	9
10.6.4	2017	296	19	4545	4	18.5	36.17421713	0.9736842105	0.7805373682	0.9275553268	0.7587496926	0.7710717601	10
12.5.0	2017	296	18	4609	5	19.5	28.93261004	1.083333333	0.5904782618	0.6264687026	0.6012776361	0.6090885059	10
13.1.0	2017	168	23	4338	42	8	79.11902923	0.347826087	0.4437014111	0.1596092653	0.3935561262	0.4115128205	2
13.1.1	2017	216	17	4336	53	22	134.2200904	1.294117647	0.9082856695	0.2902999835	0.7487570233	0.8157313323	5
13.1.1	2017	231	15	4336	53	17	125.5171429	1.133333333	0.9626438542	0.3076735705	0.7935678949	0.8645504163	6
13.2.1	2017	216	17	4326	28.5	23.5	134.8339669	1.382352941	1.237963	0.5423252256	1.215187031	1.208736774	5
13.2.1	2017	231	15	4325	28.5	15	126.1573583	1	1.312739646	0.5750832818	1.28858794	1.281748069	6
13.2.1	2017	246	15	4326	28.5	9	94.12494418	0.6	0.9794240113	0.4290648007	0.9614046266	0.956301456	7
13.2.1	2017	262	16	4325	28.5	4	81.7292938	0.25	0.7972876519	0.3492747406	0.7826192011	0.77846503	8
13.2.1	2017	274	12	4325	28.5	4	60.23830044	0.3333333333	0.7835175676	0.3432423599	0.769102458	0.7650200343	9
13.3.1	2017	216	17	4339	41	17.5	134.0359275	1.029411765	1.029098137	0.3747509314	0.9192869734	0.9575852143	5
13.3.1	2017	231	15	4339	41	15.5	125.3425387	1.033333333	1.090665855	0.3971711058	0.9742850335	1.014874538	6
13.3.1	2017	246	15	4339	41	12.5	93.36307587	0.8333333333	0.812397132	0.2958382403	0.7257093118	0.7559429503	7
13.3.1	2017	262	16	4339	41	9.5	80.65685655	0.59375	0.6579695552	0.2396027112	0.5877601167	0.6122466799	8
13.3.1	2017	274	12	4339	41	6	59.4559803	0.5	0.6466939342	0.2354966407	0.5776876745	0.6017546116	9
13.4.1	2017	216	17	4364	23	24	132.5012364	1.411764706	1.351830637	0.6603853777	1.385637261	1.355267768	5
13.4.1	2017	231	15	4364	23	18	123.8875037	1.2	1.432476541	0.6997818629	1.46829996	1.43611872	6
13.4.1	2017	246	15	4364	23	16	91.89809895	1.066666667	1.062592004	0.5190888585	1.08916534	1.065293725	7
13.4.1	2017	262	16	4364	23	11	78.74427122	0.6875	0.8535918514	0.4169897928	0.8749385041	0.8557621731	8
13.4.1	2017	274	12	4364	23	9	58.0640511	0.75	0.8392229701	0.4099704231	0.8602102853	0.8413567578	9
13.5.1	2017	216	17	4367	28	21.5	132.3170735	1.264705882	1.225475247	0.5417054553	1.207674713	1.199239104	5
13.5.1	2017	231	15	4367	28	25.5	123.7128995	1.7	1.298557858	0.5740106767	1.279695769	1.270757093	6
13.5.1	2017	246	15	4367	28	11	91.72230172	0.7333333333	0.9627671501	0.4255787447	0.9487825597	0.9421553124	7
13.5.1	2017	262	16	4367	28	11	78.51476098	0.6875	0.7726252699	0.3415289902	0.7614025689	0.756084171	8
13.5.1	2017	274	12	4367	28	12	57.89772356	1	0.7596574833	0.3357967481	0.7486231447	0.7433940111	9
14.2.0	2017	296	17	4424	12	6	34.16502588	0.3529411765	0.4799960175	0.3263667162	0.5259431917	0.5114440015	10