0.1.2	2017	232	17	3868	114	11	173.039735
0.1.2	2017	250	18	3867	114	8	141.7733529
0.1.2	2017	263	13	3867	114	5	94.08844439
0.1.2	2017	273	10	3868	114	7	70.99140187
0.1.2	2017	298	25	3868	114	1	123.3820857
1.1.2	2017	215	12	3887	81.5	5	114.4778644
1.1.2	2017	232	17	3887	81.5	12	171.7904066
1.1.2	2017	250	18	3887	81.5	5	140.2312988
1.1.2	2017	263	13	3887	81.5	3	92.89646577
1.1.2	2017	273	10	3887	81.5	5	70.07981693
1.1.2	2017	298	25	3887	81.5	4	121.0573665
1.2.3	2017	232	17	3881	47	18	172.1849313
1.2.3	2017	250	18	3881	47	15	140.693915
1.2.4	2017	263	13	3877	54.5	6.5	93.49245508
1.2.4	2017	273	10	3878	54.5	6.5	70.5109096
1.2.4	2017	298	25	3877	54.5	7	122.2795919
1.3.2	2017	170	13	3875	46	12	91.05033329
1.3.2	2017	184	14	3875	46	16	129.188967
1.3.2	2017	203	19	3875	46	22	180.7440868
1.3.3	2017	232	17	3874	35	19	172.6452102
1.3.3	2017	250	18	3874	35	15	141.2336339
1.3.3	2017	273	23	3874	35	17	164.3738718
1.3.4	2017	263	13	3874	50	11.4	93.67125187
1.3.4	2017	273	10	3873	50	8.5	70.75075029
1.3.4	2017	298	25	3873	50	9	122.7695892
1.4.2	2017	170	28	3885	35	22	129.9052327
1.4.3	2017	232	17	3884	54	20	171.987669
1.4.3	2017	250	18	3884	54	13	140.4626069
1.4.4	2017	263	13	3883	63	9.7	93.13486149
1.4.4	2017	273	10	3884	63	10	70.22351449
1.4.4	2017	298	25	3883	63	7	121.5453859
1.5.2	2017	232	17	3896	22	14	171.1986194
1.5.2	2017	250	18	3896	22	11	139.5373745
1.5.2	2017	273	23	3896	22	14	162.0087997
1.5.3	2017	263	13	3895	73.5	7	92.41967432
1.5.3	2017	273	10	3896	73.5	9	69.64872427
1.5.3	2017	298	25	3896	73.5	12	119.9611356
2.1.2	2017	215	13	3936	24	27	121.6087914
2.1.2	2017	232	17	3936	24	39	168.5684544
2.1.2	2017	250	18	3935	24	29	136.530369
2.1.2	2017	263	13	3935	24	13	90.03571708
2.1.2	2017	273	10	3935	24	6	67.78065606
2.1.2	2017	298	25	3936	24	23	115.1298034
2.2.3	2017	170	13	3942	5	17	86.9910559
2.2.3	2017	184	14	3941	5	23	125.0171514
2.2.4	2017	215	13	3933	24	18	121.747211
2.2.4	2017	232	17	3933	24	31	168.7657168
2.2.4	2017	250	18	3932	24	23	136.7616771
2.2.4	2017	263	13	3932	24	10	90.21451388
2.2.4	2017	273	10	3931	24	8	67.9722528
2.2.4	2017	298	25	3931	24	9	115.7274566
2.3.2	2017	298	25	3941	62.5	8	114.5326411
2.4.2	2017	170	13	3950	10	42	86.50636606
2.4.2	2017	184	14	3951	10	21	124.3850581
2.4.2	2017	202	18	3951	10	36	165.9922756
2.4.2	2017	215	13	3950	10	19	120.9628336
2.4.2	2017	232	17	3950	10	41	167.6478966
2.4.2	2017	250	18	3949	10	26	135.4509312
2.4.2	2017	263	13	3949	10	12	89.20133205
2.4.2	2017	273	10	3950	10	12	67.06385832
2.4.2	2017	298	25	3950	10	17	113.4612965
2.5.1	2017	170	13	3947	55	7	86.68812475
2.5.1	2017	184	14	3946	55	3	124.7011047
2.5.1	2017	202	18	3946	55	5	166.3420112
2.5.2	2017	298	25	3945	67.5	8.5	114.0564879
3.1.3	2017	170	28	3986	11	72	121.7771697
3.1.4	2017	215	13	3979	19	30	119.624778
3.1.4	2017	232	17	3979	19	34.9	165.741027
3.1.4	2017	250	18	3978	19	26.1	133.2149528
3.1.4	2017	263	13	3978	19	13	87.47296305
3.1.4	2017	273	10	3978	19	10	65.72882091
3.1.4	2017	298	25	3979	19	16	110.0286886
3.2.3	2017	170	13	4007	46	14	83.05295097
3.2.3	2017	184	14	4008	46	18	120.7821264
3.2.3	2017	202	18	4008	46	20	162.0052899
3.2.3	2017	215	13	4007	46	18	118.3328623
3.3.2	2017	215	13	3995	40	15	118.8865405
3.3.2	2017	232	17	3995	40	20	164.6889609
3.3.2	2017	250	18	3994	40	14	131.9813095
3.3.2	2017	263	13	3994	40	7.5	86.51938016
3.3.2	2017	273	10	3994	40	5.5	64.9659424
3.3.2	2017	298	25	3995	40	17	108.1429212
3.4.2	2017	215	13	3989	34	17	119.1633795
3.4.2	2017	232	17	3989	34	21	165.0834857
3.4.2	2017	250	18	3988	34	18	132.4439258
3.4.2	2017	263	13	3988	34	9.5	86.87697374
3.4.2	2017	273	10	3988	34	5.5	65.25202184
3.4.2	2017	298	25	3988	34	15	108.9679026
3.5.2	2017	215	13	3987	25	18	119.2556592
3.5.2	2017	232	17	3987	25	26.5	165.214994
3.5.2	2017	250	18	3986	25	15	132.5981312
3.5.2	2017	263	13	3986	25	10.5	86.99617161
3.5.2	2017	273	10	3987	25	10	65.29970175
3.5.2	2017	298	25	3987	25	11	109.0857677
11.1.2	2017	215	14	4032	24	32	125.9335814
11.1.2	2017	232	17	4031	24	36.5	162.3218124
11.1.2	2017	250	18	4031	24	27	129.1285095
11.1.2	2017	263	13	4030	24	13.5	84.37381865
11.1.2	2017	273	10	4031	24	10	63.20283669
11.1.2	2017	297	24	4030	24	22	101.5578438
11.2.2	2017	215	14	4037	35	16	125.6839657
11.2.2	2017	232	17	4037	35	20	161.9272876
11.2.2	2017	250	18	4036	35	15.5	128.742996
11.2.2	2017	263	13	4036	35	7.5	84.01622506
11.2.2	2017	273	10	4037	35	5	62.91807009
11.2.2	2017	297	24	4036	35	10	100.8944128
11.3.2	2017	184	14	4044	30	21	118.5065906
11.3.2	2017	201	17	4044	30	22	150.778378
11.3.2	2017	215	14	4043	30	19	125.3844268
11.3.2	2017	232	17	4044	30	24.5	161.4670088
11.3.2	2017	250	18	4043	30	21.2	128.2032771
11.3.2	2017	263	13	4043	30	9.3	83.59903254
11.3.2	2017	273	10	4043	30	9	62.63330349
11.3.2	2017	297	24	4043	30	9	100.1213793
11.4.2	2017	215	14	4051	39	15	124.9850416
11.4.2	2017	232	17	4051	39	22.5	161.0067299
11.4.2	2017	250	18	4050	39	14.5	127.6635582
11.4.2	2017	263	13	4050	39	10	83.18184003
11.4.2	2017	273	10	4050	39	6	62.30107579
11.4.2	2017	297	24	4050	39	17	99.34894387
4.1.2	2017	184	14	4145	14	32	112.1224485
4.1.2	2017	201	17	4145	14	37	144.0958324
4.1.2	2017	215	14	4144	14	27	120.3421891
4.1.2	2017	232	17	4144	14	35	154.8915961
4.1.2	2017	248	16	4144	14	28	108.7339535
4.1.2	2017	262	14	4144	14	14.8	83.16516178
4.1.2	2017	274	12	4144	14	11	70.49761568
4.1.2	2017	297	23	4144	14	15.5	82.6963267
4.2.2	2017	184	14	4148	16	30	111.9328206
4.2.2	2017	199	15	4147	16	32	127.9523033
4.2.2	2017	215	16	4147	16	27	136.2036211
4.2.2	2017	232	17	4147	16	28	154.6943337
4.2.2	2017	248	16	4146	16	17	108.6010673
4.2.2	2017	297	49	4146	16	26	235.9157077
4.3.2	2017	170	14	4159	25	20	81.25909757
4.3.2	2017	184	14	4155	25	27	111.4903553
4.3.3	2017	215	14	4158	35	18	119.643265
4.3.3	2017	232	17	4158	35	21.5	153.9710384
4.3.3	2017	248	16	4157	35	15.5	107.8707745
4.3.3	2017	262	14	4157	35	14	82.31052647
4.3.3	2017	297	35	4157	35	14	151.1747906
4.4.2	2017	215	14	4135	26	19	120.7914974
4.4.2	2017	232	17	4135	26	26.7	155.4833833
4.4.2	2017	248	16	4134	26	18.3	109.3983845
4.4.2	2017	262	14	4134	26	12	83.82257356
4.4.2	2017	274	12	4134	26	9	71.07440298
4.4.2	2017	297	23	4134	26	12	83.68296197
4.5.1	2017	170	26	4124	56	9	110.6714994
4.5.1	2017	184	14	4123	56	8	113.5130537
4.5.2	2017	215	14	4122	55	12	121.4404983
4.5.2	2017	232	17	4122	55	14.5	156.3381869
4.5.2	2017	248	16	4121	55	8.5	110.2621448
4.5.2	2017	262	14	4121	55	6	84.67720887
4.5.2	2017	274	12	4121	55	6	71.82422647
4.5.2	2017	297	23	4121	55	8	84.98098058
5.1.3	2017	168	22	4268	6	61	83.99356006
5.1.4	2017	246	47	4264	6.5	144.5	366.1189138
5.1.4	2017	280	34	4263	6.5	72.5	182.9374163
5.3.2	2017	180	14	4279	65	10	98.24493979
5.3.2	2017	199	19	4279	65	15	151.2207824
5.3.2	2017	216	17	4280	65	13.5	137.6577984
5.3.2	2017	230	14	4280	65	11.5	121.0768692
5.3.2	2017	262	32	4279	65	14	189.8495411
5.3.2	2017	280	18	4279	65	9	95.01508537
5.4.1	2017	168	22	4274	39	9	83.57386543
5.4.1	2017	180	12	4274	39	9	88.01901929
5.4.1	2017	199	19	4274	39	21.5	151.5966076
5.4.1	2017	216	17	4272	39	17	138.1488996
5.4.1	2017	230	14	4272	39	17	121.5112816
5.4.1	2017	246	16	4272	39	8	105.0315267
5.4.1	2017	262	16	4271	39	9	85.87062635
5.4.1	2017	280	18	4274	39	10	95.46363346
5.5.2	2017	180	14	4262	31	21	99.33780244
5.5.2	2017	199	19	4262	31	36	152.498588
5.5.2	2017	216	17	4263	31	22	138.7013884
5.5.2	2017	230	14	4263	31	21	121.9999955
5.5.2	2017	246	16	4262	31	19	105.6586421
5.5.2	2017	262	16	4262	31	10.5	86.56279294
5.5.2	2017	280	18	4262	31	12.8	96.54133964
6.1.1	2017	168	12	4321	44	12	56.21218749
6.1.2	2017	218	19	4318	17.5	46.5	152.9199593
6.1.2	2017	230	12	4318	17.5	29	101.4185189
6.1.2	2017	248	18	4317	17.5	21	112.7603763
6.1.2	2017	261	13	4317	17.5	12	66.2389469
6.1.2	2017	279	18	4317	17.5	25.5	92.53121435
6.2.3	2017	199	33	4319	12.5	77	243.8968739
6.2.3	2017	218	19	4319	12.5	38	152.8510568
6.2.3	2017	230	12	4319	12.5	24	101.3717322
6.2.3	2017	248	18	4318	12.5	25	112.6867167
6.2.3	2017	261	13	4318	12.5	16	66.17799672
6.2.3	2017	279	18	4319	12.5	20	92.35271723
6.3.2	2017	168	12	4317	11	40	56.42742593
6.3.3	2017	218	19	4315	9	51	153.1266667
6.3.3	2017	230	12	4315	9	26	101.5588792
6.3.3	2017	248	18	4314	9	41.5	112.9813548
6.3.3	2017	261	13	4314	9	22.5	66.42179743
6.3.3	2017	279	18	4314	9	21	92.79896003
6.4.1	2017	168	12	4336	32	25	55.40504337
6.4.1	2017	199	31	4336	32	35.5	231.5272928
6.4.1	2017	218	19	4333	32	23	151.8864225
6.4.1	2017	230	12	4333	32	16	100.7167179
6.4.1	2017	248	18	4331	32	19	111.7301256
6.4.1	2017	261	13	4332	32	9	65.32469424
6.5.3	2017	199	33	4326	20	47	242.9228534
6.5.3	2017	218	19	4326	20	31.5	152.3687396
6.5.3	2017	230	12	4326	20	19.5	101.044225
6.5.3	2017	248	18	4326	20	20	112.0974405
6.5.3	2017	261	13	4325	20	6	65.75134548
7.1.0	2017	296	18	4479	13	10	35.93768232
7.3.1	2017	183	16	4475	8.6	34.6	102.2935251
7.3.1	2017	198	15	4476	8.6	33	109.8470061
7.3.1	2017	217	19	4476	8.6	27	139.8350619
7.3.1	2017	230	13	4476	8.6	21	102.3379008
7.3.1	2017	247	17	4475	8.6	23.7	96.48022359
7.3.1	2017	261	14	4475	8.6	11.3	61.34099816
7.3.1	2017	279	18	4475	8.6	8.5	78.58734557
7.3.1	2017	296	17	4475	8.6	3.5	31.55077376
7.4.2	2017	183	16	4474	3.8	57.8	102.3650526
7.4.2	2017	198	15	4474	3.8	57	109.9661329
7.4.2	2017	217	19	4475	3.8	61.5	139.9035217
7.4.2	2017	230	13	4473	3.8	34	102.4893482
7.4.2	2017	247	17	4473	3.8	38	96.61483632
7.4.2	2017	261	14	4472	3.8	23	61.53986701
7.4.2	2017	279	18	4473	3.8	24	78.76164822
7.4.3	2017	296	18	4472	7	18	36.32642395
7.5.1	2017	183	16	4489	5	31	101.2921392
7.5.1	2017	198	15	4489	5	37	109.0726819
7.5.2	2017	217	19	4488	5.5	59	139.0135438
7.5.2	2017	230	13	4486	5.5	27	101.833076
7.5.2	2017	247	17	4486	5.5	27	95.73985358
7.5.2	2017	261	14	4485	5.5	22	60.67983313
7.5.2	2017	279	18	4485	5.5	10	77.7181613
7.8.1	2017	183	16	4593	14	24	93.88722138
7.8.1	2017	198	15	4590	14	26	103.0567783
7.8.1	2017	217	19	4591	14	30	131.9621808
7.8.1	2017	230	13	4589	14	18	96.63338145
7.8.1	2017	247	17	4589	14	23	88.80794576
7.8.1	2017	261	14	4588	14	8	53.99618992
7.8.1	2017	279	18	4589	14	9	68.85013961
8.1.1	2017	168	14	4372	15	16	68.15149072
8.1.2	2017	231	13	4369	12.5	29	106.3848609
8.1.2	2017	248	17	4369	12.5	26.5	101.5866775
8.1.2	2017	261	13	4369	12.5	14	63.07632119
8.1.2	2017	279	18	4369	12.5	21	87.90791258
8.2.1	2017	168	14	4378	9	26	67.76959242
8.2.2	2017	218	19	4375	18.7	41	148.9925193
8.2.2	2017	231	13	4375	18.7	23.5	106.0807414
8.2.2	2017	248	17	4375	18.7	24.5	101.1693951
8.2.2	2017	279	31	4375	18.7	22.8	150.0887804
8.3.1	2017	168	22	4380	33	33	76.21241978
8.3.1	2017	199	31	4380	33	36	225.7900561
8.3.1	2017	218	19	4378	33	19.5	148.7858119
8.3.1	2017	231	13	4380	33	14.7	105.8273085
8.3.1	2017	248	17	4377	33	19.8	101.030301
8.3.2	2017	261	13	4377	23	13	62.59120642
8.3.2	2017	279	18	4378	23	16	87.11119399
8.4.2	2017	199	33	4378	24.5	55	235.6872726
8.4.2	2017	218	19	4376	24.5	31.5	148.9236168
8.4.2	2017	231	13	4378	24.5	20.5	105.9286817
8.4.2	2017	248	17	4375	24.5	22.7	101.1693951
8.4.2	2017	261	13	4378	24.5	6.3	62.53062752
8.4.2	2017	279	18	4375	24.5	19.5	87.37641614
8.5.2	2017	199	33	4364	4	68	237.6353136
8.5.2	2017	218	19	4364	4	35.5	149.7504463
8.5.2	2017	231	13	4364	4	28.5	106.6382939
8.5.2	2017	248	17	4364	4	25	101.9344128
8.5.2	2017	261	13	4363	4	8	63.44090775
8.5.2	2017	279	18	4364	4	16.5	88.35082629
10.1.1	2017	183	15	4563	6	30	91.5098431
10.1.1	2017	198	15	4564	6	36	104.6054267
10.1.1	2017	217	19	4565	6	30	133.7421365
10.1.1	2017	230	13	4564	6	20	97.89544325
10.1.1	2017	247	17	4563	6	22	90.55726349
10.1.1	2017	261	14	4563	6	13	55.60220989
10.1.1	2017	279	18	4563	6	17	71.02404198
10.2.3	2017	217	19	4620	3.5	64	129.9768456
10.2.3	2017	230	13	4618	3.5	46	95.16938977
10.2.3	2017	247	17	4617	3.5	41	86.93021686
10.2.3	2017	261	14	4616	3.5	24	52.21511419
10.2.3	2017	279	18	4616	3.5	22	66.62662694
10.2.4	2017	296	19	4616	4	9	32.06726378
10.3.3	2017	183	15	4560	6	64	91.71009918
10.3.3	2017	198	15	4560	6	64	104.8436803
10.3.4	2017	230	13	4558	4	63	98.19833808
10.3.4	2017	247	17	4559	4	57	90.82648895
10.3.4	2017	261	14	4558	4	61	55.92430497
10.3.5	2017	296	19	4557	1.5	31	35.46397128
10.5.2	2017	230	13	4562	4	60.5	97.99640819
10.5.2	2017	247	17	4562	4	45.5	90.62456986
10.5.2	2017	261	14	4561	4	31	55.73104792
10.5.2	2017	279	18	4561	4	32.5	71.19258095
10.5.3	2017	296	19	4561	3	45	35.22793638
10.6.2	2017	183	15	4547	4	56	92.57787557
10.6.2	2017	198	15	4547	4	59	105.6180046
10.6.3	2017	230	13	4546	2	48	98.80412774
10.6.3	2017	247	17	4545	2	35	91.76877806
10.6.3	2017	261	14	4545	2	27	56.7617522
10.6.3	2017	279	18	4545	2	25	72.547701
10.6.4	2017	296	19	4545	4	18.5	36.17421713
12.5.0	2017	296	18	4609	5	19.5	28.93261004
13.1.0	2017	168	23	4338	42	8	79.11902923
13.1.1	2017	216	17	4336	53	22	134.2200904
13.1.1	2017	231	15	4336	53	17	125.5171429
13.2.1	2017	216	17	4326	28.5	23.5	134.8339669
13.2.1	2017	231	15	4325	28.5	15	126.1573583
13.2.1	2017	246	15	4326	28.5	9	94.12494418
13.2.1	2017	262	16	4325	28.5	4	81.7292938
13.2.1	2017	274	12	4325	28.5	4	60.23830044
13.3.1	2017	216	17	4339	41	17.5	134.0359275
13.3.1	2017	231	15	4339	41	15.5	125.3425387
13.3.1	2017	246	15	4339	41	12.5	93.36307587
13.3.1	2017	262	16	4339	41	9.5	80.65685655
13.3.1	2017	274	12	4339	41	6	59.4559803
13.4.1	2017	216	17	4364	23	24	132.5012364
13.4.1	2017	231	15	4364	23	18	123.8875037
13.4.1	2017	246	15	4364	23	16	91.89809895
13.4.1	2017	262	16	4364	23	11	78.74427122
13.4.1	2017	274	12	4364	23	9	58.0640511
13.5.1	2017	216	17	4367	28	21.5	132.3170735
13.5.1	2017	231	15	4367	28	25.5	123.7128995
13.5.1	2017	246	15	4367	28	11	91.72230172
13.5.1	2017	262	16	4367	28	11	78.51476098
13.5.1	2017	274	12	4367	28	12	57.89772356
14.2.0	2017	296	17	4424	12	6	34.16502588