0.1.2	2017	232	17	3868	114	11	172.0747341				
0.1.2	2017	250	18	3867	114	8	142.7052034				
0.1.2	2017	263	13	3867	114	5	98.4981717				
0.1.2	2017	273	10	3868	114	7	66.05479914				
0.1.2	2017	298	25	3868	114	1	124.0761517				
1.1.2	2017	215	12	3887	81.5	5	115.0841675				
1.1.2	2017	232	17	3887	81.5	12	170.8254057				
1.1.2	2017	250	18	3887	81.5	5	141.1631493				
1.1.2	2017	263	13	3887	81.5	3	97.30619308				
1.1.2	2017	273	10	3887	81.5	5	65.1488809				
1.1.2	2017	298	25	3887	81.5	4	121.7358061				
1.2.3	2017	232	17	3881	47	18	171.2199305				
1.2.3	2017	250	18	3881	47	15	141.6257655				
1.2.4	2017	263	13	3877	54.5	6.5	97.90218239				
1.2.4	2017	273	10	3878	54.5	6.5	65.57800006				
1.2.4	2017	298	25	3877	54.5	7	122.9657142				
1.3.2	2017	170	13	3875	46	12	95.21709546				
1.3.2	2017	184	14	3875	46	16	124.8315415				
1.3.2	2017	203	19	3875	46	22	180.8910592				
1.3.3	2017	232	17	3874	35	19	171.6802093				
1.3.3	2017	250	18	3874	35	15	142.1654845				
1.3.3	2017	273	23	3874	35	17	163.8496989				
1.3.4	2017	263	13	3874	50	11.4	98.08097919				
1.3.4	2017	273	10	3873	50	8.5	65.8163996				
1.3.4	2017	298	25	3873	50	9	123.4591886				
1.4.2	2017	170	28	3885	35	22	134.0929519				
1.4.3	2017	232	17	3884	54	20	171.0226681				
1.4.3	2017	250	18	3884	54	13	141.3944574				
1.4.4	2017	263	13	3883	63	9.7	97.54458881				
1.4.4	2017	273	10	3884	63	10	65.29192062				
1.4.4	2017	298	25	3883	63	7	122.2276151				
1.5.2	2017	232	17	3896	22	14	170.2336186				
1.5.2	2017	250	18	3896	22	11	140.469225				
1.5.2	2017	273	23	3896	22	14	161.4895644				
1.5.3	2017	263	13	3895	73.5	7	96.82940164				
1.5.3	2017	273	10	3896	73.5	9	64.71976173				
1.5.3	2017	298	25	3896	73.5	12	120.6292357				
2.1.2	2017	215	13	3936	24	27	122.2665655				
2.1.2	2017	232	17	3936	24	39	167.6034535				
2.1.2	2017	250	18	3935	24	29	137.4622196				
2.1.2	2017	263	13	3935	24	13	94.4454444				
2.1.2	2017	273	10	3935	24	6	62.86095795				
2.1.2	2017	298	25	3936	24	23	115.7487069				
2.2.3	2017	170	13	3942	5	17	91.15781807				
2.2.3	2017	184	14	3941	5	23	120.6597258				
2.2.4	2017	215	13	3933	24	18	122.404985				
2.2.4	2017	232	17	3933	24	31	167.8007159				
2.2.4	2017	250	18	3932	24	23	137.6935277				
2.2.4	2017	263	13	3932	24	10	94.62424119				
2.2.4	2017	273	10	3931	24	8	63.05096498				
2.2.4	2017	298	25	3931	24	9	116.3544334				
2.3.2	2017	298	25	3941	62.5	8	115.1442348				
2.4.2	2017	170	13	3950	10	42	90.67312823				
2.4.2	2017	184	14	3951	10	21	120.0276326				
2.4.2	2017	202	18	3951	10	36	166.087777				
2.4.2	2017	215	13	3950	10	19	121.6206076				
2.4.2	2017	232	17	3950	10	41	166.6828957				
2.4.2	2017	250	18	3949	10	26	136.3827817				
2.4.2	2017	263	13	3949	10	12	93.61105936				
2.4.2	2017	273	10	3950	10	12	62.14904146				
2.4.2	2017	298	25	3950	10	17	114.0578982				
2.5.1	2017	170	13	3947	55	7	90.85488692				
2.5.1	2017	184	14	3946	55	3	120.3436792				
2.5.1	2017	202	18	3946	55	5	166.4375126				
2.5.2	2017	298	25	3945	67.5	8.5	114.6610818				
3.1.3	2017	170	28	3986	11	72	125.9648889				
3.1.4	2017	215	13	3979	19	30	120.2825521				
3.1.4	2017	232	17	3979	19	34.9	164.7760261				
3.1.4	2017	250	18	3978	19	26.1	134.1468033				
3.1.4	2017	263	13	3978	19	13	91.88269037				
3.1.4	2017	273	10	3978	19	10	60.82013067				
3.1.4	2017	298	25	3979	19	16	110.5772598				
3.2.3	2017	170	13	4007	46	14	87.21971314				
3.2.3	2017	184	14	4008	46	18	116.4247009				
3.2.3	2017	202	18	4008	46	20	162.1007913				
3.2.3	2017	215	13	4007	46	18	118.9906364				
3.3.2	2017	215	13	3995	40	15	119.5443145				
3.3.2	2017	232	17	3995	40	20	163.7239601				
3.3.2	2017	250	18	3994	40	14	132.9131601				
3.3.2	2017	263	13	3994	40	7.5	90.92910747				
3.3.2	2017	273	10	3994	40	5.5	60.06075307				
3.3.2	2017	298	25	3995	40	17	108.662209				
3.4.2	2017	215	13	3989	34	17	119.8211536				
3.4.2	2017	232	17	3989	34	21	164.1184848				
3.4.2	2017	250	18	3988	34	18	133.3757763				
3.4.2	2017	263	13	3988	34	9.5	91.28670106				
3.4.2	2017	273	10	3988	34	5.5	60.34551967				
3.4.2	2017	298	25	3988	34	15	109.5000438				
3.5.2	2017	215	13	3987	25	18	119.9134333				
3.5.2	2017	232	17	3987	25	26.5	164.2499931				
3.5.2	2017	250	18	3986	25	15	133.5299817				
3.5.2	2017	263	13	3986	25	10.5	91.40589892				
3.5.2	2017	273	10	3987	25	10	60.39298077				
3.5.2	2017	298	25	3987	25	11	109.6197344				
11.1.2	2017	215	14	4032	24	32	126.6428264				
11.1.2	2017	232	17	4031	24	36.5	161.3568115				
11.1.2	2017	250	18	4031	24	27	130.06036				
11.1.2	2017	263	13	4030	24	13.5	88.78354596				
11.1.2	2017	273	10	4031	24	10	58.3115155				
11.1.2	2017	297	24	4030	24	22	102.0964041				
11.2.2	2017	215	14	4037	35	16	126.3932107				
11.2.2	2017	232	17	4037	35	20	160.9622868				
11.2.2	2017	250	18	4036	35	15.5	129.6748465				
11.2.2	2017	263	13	4036	35	7.5	88.42595237				
11.2.2	2017	273	10	4037	35	5	58.02937429				
11.2.2	2017	297	24	4036	35	10	101.4173382				
11.3.2	2017	184	14	4044	30	21	114.1491651				
11.3.2	2017	201	17	4044	30	22	150.8224085				
11.3.2	2017	215	14	4043	30	19	126.0936718				
11.3.2	2017	232	17	4044	30	24.5	160.5020079				
11.3.2	2017	250	18	4043	30	21.2	129.1351276				
11.3.2	2017	263	13	4043	30	9.3	88.00875986				
11.3.2	2017	273	10	4043	30	9	57.74723308				
11.3.2	2017	297	24	4043	30	9	100.6279104				
11.4.2	2017	215	14	4051	39	15	125.6942866				
11.4.2	2017	232	17	4051	39	22.5	160.041729				
11.4.2	2017	250	18	4050	39	14.5	128.5954087				
11.4.2	2017	263	13	4050	39	10	87.59156734				
11.4.2	2017	273	10	4050	39	6	57.41806833				
11.4.2	2017	297	24	4050	39	17	99.84120491				
4.1.2	2017	184	14	4145	14	32	107.7835568				
4.1.2	2017	201	17	4145	14	37	144.1398629				
4.1.2	2017	215	14	4144	14	27	121.0514341				
4.1.2	2017	232	17	4144	14	35	153.9265952				
4.1.2	2017	248	16	4144	14	28	109.5085415				
4.1.2	2017	262	14	4144	14	14.8	87.04916983				
4.1.2	2017	274	12	4144	14	11	66.48427021				
4.1.2	2017	297	23	4144	14	15.5	82.84275084				
4.2.2	2017	184	14	4148	16	30	107.5945879				
4.2.2	2017	199	15	4147	16	32	127.8933919				
4.2.2	2017	215	16	4147	16	27	137.015808				
4.2.2	2017	232	17	4147	16	28	153.7293329				
4.2.2	2017	248	16	4146	16	17	109.3756553				
4.2.2	2017	297	49	4146	16	26	235.92773				
4.3.2	2017	170	14	4159	25	20	85.42517957				
4.3.2	2017	184	14	4155	25	27	107.1550035				
4.3.3	2017	215	14	4158	35	18	120.3525101				
4.3.3	2017	232	17	4158	35	21.5	153.0060375				
4.3.3	2017	248	16	4157	35	15.5	108.6447812				
4.3.3	2017	262	14	4157	35	14	86.19453452				
4.3.3	2017	297	35	4157	35	14	147.2710848				
4.4.2	2017	215	14	4135	26	19	121.5007424				
4.4.2	2017	232	17	4135	26	26.7	154.5183824				
4.4.2	2017	248	16	4134	26	18.3	110.1729725				
4.4.2	2017	262	14	4134	26	12	87.70658161				
4.4.2	2017	274	12	4134	26	9	67.05221903				
4.4.2	2017	297	23	4134	26	12	83.86148957				
4.5.1	2017	170	26	4124	56	9	114.8592186				
4.5.1	2017	184	14	4123	56	8	109.169634				
4.5.2	2017	215	14	4122	55	12	122.1497433				
4.5.2	2017	232	17	4122	55	14.5	155.373186				
4.5.2	2017	248	16	4121	55	8.5	111.0367328				
4.5.2	2017	262	14	4121	55	6	88.56121692				
4.5.2	2017	274	12	4121	55	6	67.79055249				
4.5.2	2017	297	23	4121	55	8	85.19414457				
5.1.3	2017	168	22	4268	6	61	90.45055462				
5.1.4	2017	246	47	4264	6.5	144.5	366.580149				
5.1.4	2017	280	34	4263	6.5	72.5	183.6843097				
5.3.2	2017	180	14	4279	65	10	94.57988935				
5.3.2	2017	199	19	4279	65	15	150.7970581				
5.3.2	2017	216	17	4280	65	13.5	138.7617699				
5.3.2	2017	230	14	4280	65	11.5	120.8034925				
5.3.2	2017	262	32	4279	65	14	193.519824				
5.3.2	2017	280	18	4279	65	9	91.73390052				
5.4.1	2017	168	22	4274	39	9	90.02224986				
5.4.1	2017	180	12	4274	39	9	81.75139603				
5.4.1	2017	199	19	4274	39	21.5	151.1728833				
5.4.1	2017	216	17	4272	39	17	139.2528711				
5.4.1	2017	230	14	4272	39	17	121.2379049				
5.4.1	2017	246	16	4272	39	8	104.6621671				
5.4.1	2017	262	16	4271	39	9	89.91189693				
5.4.1	2017	280	18	4274	39	10	92.1784495				
5.5.2	2017	180	14	4262	31	21	95.65758713				
5.5.2	2017	199	19	4262	31	36	152.0748638				
5.5.2	2017	216	17	4263	31	22	139.8053599				
5.5.2	2017	230	14	4263	31	21	121.7266189				
5.5.2	2017	246	16	4262	31	19	105.2892825				
5.5.2	2017	262	16	4262	31	10.5	90.60406351				
5.5.2	2017	280	18	4262	31	12.8	93.24628233				
6.1.1	2017	168	12	4321	44	12	62.565845				
6.1.2	2017	218	19	4318	17.5	46.5	154.6075				
6.1.2	2017	230	12	4318	17.5	29	100.5615731				
6.1.2	2017	248	18	4317	17.5	21	112.5450029				
6.1.2	2017	261	13	4317	17.5	12	69.43997318				
6.1.2	2017	279	18	4317	17.5	25.5	89.86680483				
6.2.3	2017	199	33	4319	12.5	77	239.844044				
6.2.3	2017	218	19	4319	12.5	38	154.5385975				
6.2.3	2017	230	12	4319	12.5	24	100.5147864				
6.2.3	2017	248	18	4318	12.5	25	112.4713433				
6.2.3	2017	261	13	4318	12.5	16	69.379023				
6.2.3	2017	279	18	4319	12.5	20	89.69055122				
6.3.2	2017	168	12	4317	11	40	62.78925724				
6.3.3	2017	218	19	4315	9	51	154.8142073				
6.3.3	2017	230	12	4315	9	26	100.7019333				
6.3.3	2017	248	18	4314	9	41.5	112.7659815				
6.3.3	2017	261	13	4314	9	22.5	69.62282371				
6.3.3	2017	279	18	4314	9	21	90.13118524				
6.4.1	2017	168	12	4336	32	25	61.7280491				
6.4.1	2017	199	31	4336	32	35.5	224.8910295				
6.4.1	2017	218	19	4333	32	23	153.5739631				
6.4.1	2017	230	12	4333	32	16	99.85977204				
6.4.1	2017	248	18	4331	32	19	111.5137695				
6.4.1	2017	261	13	4332	32	9	68.52572052				
6.5.3	2017	199	33	4326	20	47	238.8757859				
6.5.3	2017	218	19	4326	20	31.5	154.0562803				
6.5.3	2017	230	12	4326	20	19.5	100.1872792				
6.5.3	2017	248	18	4326	20	20	111.8820671				
6.5.3	2017	261	13	4325	20	6	68.95237176				
7.1.0	2017	296	18	4479	13	10	35.35208301				
7.3.1	2017	183	16	4475	8.6	34.6	97.280021				
7.3.1	2017	198	15	4476	8.6	33	109.5669174				
7.3.1	2017	217	19	4476	8.6	27	141.2822889				
7.3.1	2017	230	13	4476	8.6	21	101.7727395				
7.3.1	2017	247	17	4475	8.6	23.7	96.17671604				
7.3.1	2017	261	14	4475	8.6	11.3	64.60800695				
7.3.1	2017	279	18	4475	8.6	8.5	76.07035172				
7.3.1	2017	296	17	4475	8.6	3.5	30.86003981				
7.4.2	2017	183	16	4474	3.8	57.8	97.351137				
7.4.2	2017	198	15	4474	3.8	57	109.6860442				
7.4.2	2017	217	19	4475	3.8	61.5	141.3507487				
7.4.2	2017	230	13	4473	3.8	34	101.9241869				
7.4.2	2017	247	17	4473	3.8	38	96.31176881				
7.4.2	2017	261	14	4472	3.8	23	64.8068758				
7.4.2	2017	279	18	4473	3.8	24	76.24152056				
7.4.3	2017	296	18	4472	7	18	35.73868025				
7.5.1	2017	183	16	4489	5	31	96.28439704				
7.5.1	2017	198	15	4489	5	37	108.7925932				
7.5.2	2017	217	19	4488	5.5	59	140.4607708				
7.5.2	2017	230	13	4486	5.5	27	101.2679148				
7.5.2	2017	247	17	4486	5.5	27	95.43602002				
7.5.2	2017	261	14	4485	5.5	22	63.94511079				
7.5.2	2017	279	18	4485	5.5	10	75.21672897				
7.8.1	2017	183	16	4593	14	24	88.88833338				
7.8.1	2017	198	15	4590	14	26	102.7766896				
7.8.1	2017	217	19	4591	14	30	133.4094078				
7.8.1	2017	230	13	4589	14	18	96.06822019				
7.8.1	2017	247	17	4589	14	23	88.50346445				
7.8.1	2017	261	14	4588	14	8	57.19549953				
7.8.1	2017	279	18	4589	14	9	66.44283185				
8.1.1	2017	168	14	4372	15	16	74.40737474				
8.1.2	2017	231	13	4369	12.5	29	105.0362107				
8.1.2	2017	248	17	4369	12.5	26.5	101.8597322				
8.1.2	2017	261	13	4369	12.5	14	66.27102309				
8.1.2	2017	279	18	4369	12.5	21	85.28935459				
8.2.1	2017	168	14	4378	9	26	74.01196858				
8.2.2	2017	218	19	4375	18.7	41	150.6800599				
8.2.2	2017	231	13	4375	18.7	23.5	104.7320912				
8.2.2	2017	248	17	4375	18.7	24.5	101.4424498				
8.2.2	2017	279	31	4375	18.7	22.8	150.668341				
8.3.1	2017	168	22	4380	33	33	82.45553258				
8.3.1	2017	199	31	4380	33	36	219.1900135				
8.3.1	2017	218	19	4378	33	19.5	150.4733526				
8.3.1	2017	231	13	4380	33	14.7	104.4786582				
8.3.1	2017	248	17	4377	33	19.8	101.3033557				
8.3.2	2017	261	13	4377	23	13	65.78490767				
8.3.2	2017	279	18	4378	23	16	84.49817936				
8.4.2	2017	199	33	4378	24.5	55	231.6830114				
8.4.2	2017	218	19	4376	24.5	31.5	150.6111575				
8.4.2	2017	231	13	4378	24.5	20.5	104.5800314				
8.4.2	2017	248	17	4375	24.5	22.7	101.4424498				
8.4.2	2017	261	13	4378	24.5	6.3	65.72414324				
8.4.2	2017	279	18	4375	24.5	19.5	84.76190444				
8.5.2	2017	199	33	4364	4	68	233.6195276				
8.5.2	2017	218	19	4364	4	35.5	151.437987				
8.5.2	2017	231	13	4364	4	28.5	105.2896436				
8.5.2	2017	248	17	4364	4	25	102.2074675				
8.5.2	2017	261	13	4363	4	8	66.63626503				
8.5.2	2017	279	18	4364	4	16.5	85.72889638				
10.1.1	2017	183	15	4563	6	30	85.21224122				
10.1.1	2017	198	15	4564	6	36	104.3253381				
10.1.1	2017	217	19	4565	6	30	135.1893635				
10.1.1	2017	230	13	4564	6	20	97.33028199				
10.1.1	2017	247	17	4563	6	22	90.25342994				
10.1.1	2017	261	14	4563	6	13	58.80710018				
10.1.1	2017	279	18	4563	6	17	68.59698257				
10.2.3	2017	217	19	4620	3.5	64	131.4240726				
10.2.3	2017	230	13	4618	3.5	46	94.60422851				
10.2.3	2017	247	17	4617	3.5	41	86.62204917				
10.2.3	2017	261	14	4616	3.5	24	55.39378736				
10.2.3	2017	279	18	4616	3.5	22	64.2366123				
10.2.4	2017	296	19	4616	4	9	31.76738593				
10.3.3	2017	183	15	4560	6	64	85.41249731				
10.3.3	2017	198	15	4560	6	64	104.5635917				
10.3.4	2017	230	13	4558	4	63	97.63317682				
10.3.4	2017	247	17	4559	4	57	90.52265539				
10.3.4	2017	261	14	4558	4	61	59.1311024				
10.3.5	2017	296	19	4557	1.5	31	35.07286622				
10.5.2	2017	230	13	4562	4	60.5	97.43124693				
10.5.2	2017	247	17	4562	4	45.5	90.3207363				
10.5.2	2017	261	14	4561	4	31	58.93670107				
10.5.2	2017	279	18	4561	4	32.5	68.76462699				
10.5.3	2017	296	19	4561	3	45	34.84612589				
10.6.2	2017	183	15	4547	4	56	86.2802737				
10.6.2	2017	198	15	4547	4	59	105.3379159				
10.6.3	2017	230	13	4546	2	48	98.23896648				
10.6.3	2017	247	17	4545	2	35	91.4649445				
10.6.3	2017	261	14	4545	2	27	59.97841178				
10.6.3	2017	279	18	4545	2	25	70.11906512				
10.6.4	2017	296	19	4545	4	18.5	35.7576924				
12.5.0	2017	296	18	4609	5	19.5	28.52244311				
13.1.0	2017	168	23	4338	42	8	85.45366585				
13.1.1	2017	216	17	4336	53	22	135.3240619				
13.1.1	2017	231	15	4336	53	17	124.7520619				
13.2.1	2017	216	17	4326	28.5	23.5	135.9379383				
13.2.1	2017	231	15	4325	28.5	15	125.3922773				
13.2.1	2017	246	15	4326	28.5	9	94.24728896				
13.2.1	2017	262	16	4325	28.5	4	85.76728807				
13.2.1	2017	274	12	4325	28.5	4	56.37937117				
13.3.1	2017	216	17	4339	41	17.5	135.139899				
13.3.1	2017	231	15	4339	41	15.5	124.5774577				
13.3.1	2017	246	15	4339	41	12.5	93.48273691				
13.3.1	2017	262	16	4339	41	9.5	84.6936398				
13.3.1	2017	274	12	4339	41	6	55.60955909				
13.4.1	2017	216	17	4364	23	24	133.6052079				
13.4.1	2017	231	15	4364	23	18	123.1224227				
13.4.1	2017	246	15	4364	23	16	92.01716744				
13.4.1	2017	262	16	4364	23	11	82.77641074				
13.4.1	2017	274	12	4364	23	9	54.23894607				
13.5.1	2017	216	17	4367	28	21.5	133.421045				
13.5.1	2017	231	15	4367	28	25.5	122.9478185				
13.5.1	2017	246	15	4367	28	11	91.84137021				
13.5.1	2017	262	16	4367	28	11	82.54643088				
13.5.1	2017	274	12	4367	28	12	54.07464168				
14.2.0	2017	296	17	4424	12	6	33.46770123				