0.1.2	2017	232	17	3868	114	11	6
0.1.2	2017	250	18	3867	114	8	7
0.1.2	2017	263	13	3867	114	5	8
0.1.2	2017	273	10	3868	114	7	9
0.1.2	2017	298	25	3868	114	1	10
1.1.2	2017	215	12	3887	81.5	5	5
1.1.2	2017	232	17	3887	81.5	12	6
1.1.2	2017	250	18	3887	81.5	5	7
1.1.2	2017	263	13	3887	81.5	3	8
1.1.2	2017	273	10	3887	81.5	5	9
1.1.2	2017	298	25	3887	81.5	4	10
1.2.3	2017	232	17	3881	47	18	6
1.2.3	2017	250	18	3881	47	15	7
1.2.4	2017	263	13	3877	54.5	6.5	8
1.2.4	2017	273	10	3878	54.5	6.5	9
1.2.4	2017	298	25	3877	54.5	7	10
1.3.2	2017	170	13	3875	46	12	2
1.3.2	2017	184	14	3875	46	16	3
1.3.2	2017	203	19	3875	46	22	4
1.3.3	2017	232	17	3874	35	19	6
1.3.3	2017	250	18	3874	35	15	7
1.3.3	2017	273	23	3874	35	17	9
1.3.4	2017	263	13	3874	50	11.4	8
1.3.4	2017	273	10	3873	50	8.5	9
1.3.4	2017	298	25	3873	50	9	10
1.4.2	2017	170	28	3885	35	22	2
1.4.3	2017	232	17	3884	54	20	6
1.4.3	2017	250	18	3884	54	13	7
1.4.4	2017	263	13	3883	63	9.7	8
1.4.4	2017	273	10	3884	63	10	9
1.4.4	2017	298	25	3883	63	7	10
1.5.2	2017	232	17	3896	22	14	6
1.5.2	2017	250	18	3896	22	11	7
1.5.2	2017	273	23	3896	22	14	9
1.5.3	2017	263	13	3895	73.5	7	8
1.5.3	2017	273	10	3896	73.5	9	9
1.5.3	2017	298	25	3896	73.5	12	10
2.1.2	2017	215	13	3936	24	27	5
2.1.2	2017	232	17	3936	24	39	6
2.1.2	2017	250	18	3935	24	29	7
2.1.2	2017	263	13	3935	24	13	8
2.1.2	2017	273	10	3935	24	6	9
2.1.2	2017	298	25	3936	24	23	10
2.2.3	2017	170	13	3942	5	17	2
2.2.3	2017	184	14	3941	5	23	3
2.2.4	2017	215	13	3933	24	18	5
2.2.4	2017	232	17	3933	24	31	6
2.2.4	2017	250	18	3932	24	23	7
2.2.4	2017	263	13	3932	24	10	8
2.2.4	2017	273	10	3931	24	8	9
2.2.4	2017	298	25	3931	24	9	10
2.3.2	2017	298	25	3941	62.5	8	10
2.4.2	2017	170	13	3950	10	42	2
2.4.2	2017	184	14	3951	10	21	3
2.4.2	2017	202	18	3951	10	36	4
2.4.2	2017	215	13	3950	10	19	5
2.4.2	2017	232	17	3950	10	41	6
2.4.2	2017	250	18	3949	10	26	7
2.4.2	2017	263	13	3949	10	12	8
2.4.2	2017	273	10	3950	10	12	9
2.4.2	2017	298	25	3950	10	17	10
2.5.1	2017	170	13	3947	55	7	2
2.5.1	2017	184	14	3946	55	3	3
2.5.1	2017	202	18	3946	55	5	4
2.5.2	2017	298	25	3945	67.5	8.5	10
3.1.3	2017	170	28	3986	11	72	2
3.1.4	2017	215	13	3979	19	30	5
3.1.4	2017	232	17	3979	19	34.9	6
3.1.4	2017	250	18	3978	19	26.1	7
3.1.4	2017	263	13	3978	19	13	8
3.1.4	2017	273	10	3978	19	10	9
3.1.4	2017	298	25	3979	19	16	10
3.2.3	2017	170	13	4007	46	14	2
3.2.3	2017	184	14	4008	46	18	3
3.2.3	2017	202	18	4008	46	20	4
3.2.3	2017	215	13	4007	46	18	5
3.3.2	2017	215	13	3995	40	15	5
3.3.2	2017	232	17	3995	40	20	6
3.3.2	2017	250	18	3994	40	14	7
3.3.2	2017	263	13	3994	40	7.5	8
3.3.2	2017	273	10	3994	40	5.5	9
3.3.2	2017	298	25	3995	40	17	10
3.4.2	2017	215	13	3989	34	17	5
3.4.2	2017	232	17	3989	34	21	6
3.4.2	2017	250	18	3988	34	18	7
3.4.2	2017	263	13	3988	34	9.5	8
3.4.2	2017	273	10	3988	34	5.5	9
3.4.2	2017	298	25	3988	34	15	10
3.5.2	2017	215	13	3987	25	18	5
3.5.2	2017	232	17	3987	25	26.5	6
3.5.2	2017	250	18	3986	25	15	7
3.5.2	2017	263	13	3986	25	10.5	8
3.5.2	2017	273	10	3987	25	10	9
3.5.2	2017	298	25	3987	25	11	10
11.1.2	2017	215	14	4032	24	32	5
11.1.2	2017	232	17	4031	24	36.5	6
11.1.2	2017	250	18	4031	24	27	7
11.1.2	2017	263	13	4030	24	13.5	8
11.1.2	2017	273	10	4031	24	10	9
11.1.2	2017	297	24	4030	24	22	10
11.2.2	2017	215	14	4037	35	16	5
11.2.2	2017	232	17	4037	35	20	6
11.2.2	2017	250	18	4036	35	15.5	7
11.2.2	2017	263	13	4036	35	7.5	8
11.2.2	2017	273	10	4037	35	5	9
11.2.2	2017	297	24	4036	35	10	10
11.3.2	2017	184	14	4044	30	21	3
11.3.2	2017	201	17	4044	30	22	4
11.3.2	2017	215	14	4043	30	19	5
11.3.2	2017	232	17	4044	30	24.5	6
11.3.2	2017	250	18	4043	30	21.2	7
11.3.2	2017	263	13	4043	30	9.3	8
11.3.2	2017	273	10	4043	30	9	9
11.3.2	2017	297	24	4043	30	9	10
11.4.2	2017	215	14	4051	39	15	5
11.4.2	2017	232	17	4051	39	22.5	6
11.4.2	2017	250	18	4050	39	14.5	7
11.4.2	2017	263	13	4050	39	10	8
11.4.2	2017	273	10	4050	39	6	9
11.4.2	2017	297	24	4050	39	17	10
4.1.2	2017	184	14	4145	14	32	3
4.1.2	2017	201	17	4145	14	37	4
4.1.2	2017	215	14	4144	14	27	5
4.1.2	2017	232	17	4144	14	35	6
4.1.2	2017	248	16	4144	14	28	7
4.1.2	2017	262	14	4144	14	14.8	8
4.1.2	2017	274	12	4144	14	11	9
4.1.2	2017	297	23	4144	14	15.5	10
4.2.2	2017	184	14	4148	16	30	3
4.2.2	2017	199	15	4147	16	32	4
4.2.2	2017	215	16	4147	16	27	5
4.2.2	2017	232	17	4147	16	28	6
4.2.2	2017	248	16	4146	16	17	7
4.2.2	2017	297	49	4146	16	26	10
4.3.2	2017	170	14	4159	25	20	2
4.3.2	2017	184	14	4155	25	27	3
4.3.3	2017	215	14	4158	35	18	5
4.3.3	2017	232	17	4158	35	21.5	6
4.3.3	2017	248	16	4157	35	15.5	7
4.3.3	2017	262	14	4157	35	14	8
4.3.3	2017	297	35	4157	35	14	10
4.4.2	2017	215	14	4135	26	19	5
4.4.2	2017	232	17	4135	26	26.7	6
4.4.2	2017	248	16	4134	26	18.3	7
4.4.2	2017	262	14	4134	26	12	8
4.4.2	2017	274	12	4134	26	9	9
4.4.2	2017	297	23	4134	26	12	10
4.5.1	2017	170	26	4124	56	9	2
4.5.1	2017	184	14	4123	56	8	3
4.5.2	2017	215	14	4122	55	12	5
4.5.2	2017	232	17	4122	55	14.5	6
4.5.2	2017	248	16	4121	55	8.5	7
4.5.2	2017	262	14	4121	55	6	8
4.5.2	2017	274	12	4121	55	6	9
4.5.2	2017	297	23	4121	55	8	10
5.1.3	2017	168	22	4268	6	61	2
5.1.4	2017	246	47	4264	6.5	144.5	7
5.1.4	2017	280	34	4263	6.5	72.5	9
5.3.2	2017	180	14	4279	65	10	3
5.3.2	2017	199	19	4279	65	15	4
5.3.2	2017	216	17	4280	65	13.5	5
5.3.2	2017	230	14	4280	65	11.5	6
5.3.2	2017	262	32	4279	65	14	8
5.3.2	2017	280	18	4279	65	9	9
5.4.1	2017	168	22	4274	39	9	2
5.4.1	2017	180	12	4274	39	9	3
5.4.1	2017	199	19	4274	39	21.5	4
5.4.1	2017	216	17	4272	39	17	5
5.4.1	2017	230	14	4272	39	17	6
5.4.1	2017	246	16	4272	39	8	7
5.4.1	2017	262	16	4271	39	9	8
5.4.1	2017	280	18	4274	39	10	9
5.5.2	2017	180	14	4262	31	21	3
5.5.2	2017	199	19	4262	31	36	4
5.5.2	2017	216	17	4263	31	22	5
5.5.2	2017	230	14	4263	31	21	6
5.5.2	2017	246	16	4262	31	19	7
5.5.2	2017	262	16	4262	31	10.5	8
5.5.2	2017	280	18	4262	31	12.8	9
6.1.1	2017	168	12	4321	44	12	2
6.1.2	2017	218	19	4318	17.5	46.5	5
6.1.2	2017	230	12	4318	17.5	29	6
6.1.2	2017	248	18	4317	17.5	21	7
6.1.2	2017	261	13	4317	17.5	12	8
6.1.2	2017	279	18	4317	17.5	25.5	9
6.2.3	2017	199	33	4319	12.5	77	4
6.2.3	2017	218	19	4319	12.5	38	5
6.2.3	2017	230	12	4319	12.5	24	6
6.2.3	2017	248	18	4318	12.5	25	7
6.2.3	2017	261	13	4318	12.5	16	8
6.2.3	2017	279	18	4319	12.5	20	9
6.3.2	2017	168	12	4317	11	40	2
6.3.3	2017	218	19	4315	9	51	5
6.3.3	2017	230	12	4315	9	26	6
6.3.3	2017	248	18	4314	9	41.5	7
6.3.3	2017	261	13	4314	9	22.5	8
6.3.3	2017	279	18	4314	9	21	9
6.4.1	2017	168	12	4336	32	25	2
6.4.1	2017	199	31	4336	32	35.5	4
6.4.1	2017	218	19	4333	32	23	5
6.4.1	2017	230	12	4333	32	16	6
6.4.1	2017	248	18	4331	32	19	7
6.4.1	2017	261	13	4332	32	9	8
6.5.3	2017	199	33	4326	20	47	4
6.5.3	2017	218	19	4326	20	31.5	5
6.5.3	2017	230	12	4326	20	19.5	6
6.5.3	2017	248	18	4326	20	20	7
6.5.3	2017	261	13	4325	20	6	8
7.1.0	2017	296	18	4479	13	10	10
7.3.1	2017	183	16	4475	8.6	34.6	3
7.3.1	2017	198	15	4476	8.6	33	4
7.3.1	2017	217	19	4476	8.6	27	5
7.3.1	2017	230	13	4476	8.6	21	6
7.3.1	2017	247	17	4475	8.6	23.7	7
7.3.1	2017	261	14	4475	8.6	11.3	8
7.3.1	2017	279	18	4475	8.6	8.5	9
7.3.1	2017	296	17	4475	8.6	3.5	10
7.4.2	2017	183	16	4474	3.8	57.8	3
7.4.2	2017	198	15	4474	3.8	57	4
7.4.2	2017	217	19	4475	3.8	61.5	5
7.4.2	2017	230	13	4473	3.8	34	6
7.4.2	2017	247	17	4473	3.8	38	7
7.4.2	2017	261	14	4472	3.8	23	8
7.4.2	2017	279	18	4473	3.8	24	9
7.4.3	2017	296	18	4472	7	18	10
7.5.1	2017	183	16	4489	5	31	3
7.5.1	2017	198	15	4489	5	37	4
7.5.2	2017	217	19	4488	5.5	59	5
7.5.2	2017	230	13	4486	5.5	27	6
7.5.2	2017	247	17	4486	5.5	27	7
7.5.2	2017	261	14	4485	5.5	22	8
7.5.2	2017	279	18	4485	5.5	10	9
7.8.1	2017	183	16	4593	14	24	3
7.8.1	2017	198	15	4590	14	26	4
7.8.1	2017	217	19	4591	14	30	5
7.8.1	2017	230	13	4589	14	18	6
7.8.1	2017	247	17	4589	14	23	7
7.8.1	2017	261	14	4588	14	8	8
7.8.1	2017	279	18	4589	14	9	9
8.1.1	2017	168	14	4372	15	16	2
8.1.2	2017	231	13	4369	12.5	29	6
8.1.2	2017	248	17	4369	12.5	26.5	7
8.1.2	2017	261	13	4369	12.5	14	8
8.1.2	2017	279	18	4369	12.5	21	9
8.2.1	2017	168	14	4378	9	26	2
8.2.2	2017	218	19	4375	18.7	41	5
8.2.2	2017	231	13	4375	18.7	23.5	6
8.2.2	2017	248	17	4375	18.7	24.5	7
8.2.2	2017	279	31	4375	18.7	22.8	9
8.3.1	2017	168	22	4380	33	33	2
8.3.1	2017	199	31	4380	33	36	4
8.3.1	2017	218	19	4378	33	19.5	5
8.3.1	2017	231	13	4380	33	14.7	6
8.3.1	2017	248	17	4377	33	19.8	7
8.3.2	2017	261	13	4377	23	13	8
8.3.2	2017	279	18	4378	23	16	9
8.4.2	2017	199	33	4378	24.5	55	4
8.4.2	2017	218	19	4376	24.5	31.5	5
8.4.2	2017	231	13	4378	24.5	20.5	6
8.4.2	2017	248	17	4375	24.5	22.7	7
8.4.2	2017	261	13	4378	24.5	6.3	8
8.4.2	2017	279	18	4375	24.5	19.5	9
8.5.2	2017	199	33	4364	4	68	4
8.5.2	2017	218	19	4364	4	35.5	5
8.5.2	2017	231	13	4364	4	28.5	6
8.5.2	2017	248	17	4364	4	25	7
8.5.2	2017	261	13	4363	4	8	8
8.5.2	2017	279	18	4364	4	16.5	9
10.1.1	2017	183	15	4563	6	30	3
10.1.1	2017	198	15	4564	6	36	4
10.1.1	2017	217	19	4565	6	30	5
10.1.1	2017	230	13	4564	6	20	6
10.1.1	2017	247	17	4563	6	22	7
10.1.1	2017	261	14	4563	6	13	8
10.1.1	2017	279	18	4563	6	17	9
10.2.3	2017	217	19	4620	3.5	64	5
10.2.3	2017	230	13	4618	3.5	46	6
10.2.3	2017	247	17	4617	3.5	41	7
10.2.3	2017	261	14	4616	3.5	24	8
10.2.3	2017	279	18	4616	3.5	22	9
10.2.4	2017	296	19	4616	4	9	10
10.3.3	2017	183	15	4560	6	64	3
10.3.3	2017	198	15	4560	6	64	4
10.3.4	2017	230	13	4558	4	63	6
10.3.4	2017	247	17	4559	4	57	7
10.3.4	2017	261	14	4558	4	61	8
10.3.5	2017	296	19	4557	1.5	31	10
10.5.2	2017	230	13	4562	4	60.5	6
10.5.2	2017	247	17	4562	4	45.5	7
10.5.2	2017	261	14	4561	4	31	8
10.5.2	2017	279	18	4561	4	32.5	9
10.5.3	2017	296	19	4561	3	45	10
10.6.2	2017	183	15	4547	4	56	3
10.6.2	2017	198	15	4547	4	59	4
10.6.3	2017	230	13	4546	2	48	6
10.6.3	2017	247	17	4545	2	35	7
10.6.3	2017	261	14	4545	2	27	8
10.6.3	2017	279	18	4545	2	25	9
10.6.4	2017	296	19	4545	4	18.5	10
12.5.0	2017	296	18	4609	5	19.5	10
13.1.0	2017	168	23	4338	42	8	2
13.1.1	2017	216	17	4336	53	22	5
13.1.1	2017	231	15	4336	53	17	6
13.2.1	2017	216	17	4326	28.5	23.5	5
13.2.1	2017	231	15	4325	28.5	15	6
13.2.1	2017	246	15	4326	28.5	9	7
13.2.1	2017	262	16	4325	28.5	4	8
13.2.1	2017	274	12	4325	28.5	4	9
13.3.1	2017	216	17	4339	41	17.5	5
13.3.1	2017	231	15	4339	41	15.5	6
13.3.1	2017	246	15	4339	41	12.5	7
13.3.1	2017	262	16	4339	41	9.5	8
13.3.1	2017	274	12	4339	41	6	9
13.4.1	2017	216	17	4364	23	24	5
13.4.1	2017	231	15	4364	23	18	6
13.4.1	2017	246	15	4364	23	16	7
13.4.1	2017	262	16	4364	23	11	8
13.4.1	2017	274	12	4364	23	9	9
13.5.1	2017	216	17	4367	28	21.5	5
13.5.1	2017	231	15	4367	28	25.5	6
13.5.1	2017	246	15	4367	28	11	7
13.5.1	2017	262	16	4367	28	11	8
13.5.1	2017	274	12	4367	28	12	9
14.2.0	2017	296	17	4424	12	6	10