0.1.2 2017 232 17 3868 114 11
0.1.2 2017 250 18 3867 114 8
0.1.2 2017 263 13 3867 114 5
0.1.2 2017 273 10 3868 114 7
0.1.2 2017 298 25 3868 114 1
1.1.2 2017 215 12 3887 81.5 5
1.1.2 2017 232 17 3887 81.5 12
1.1.2 2017 250 18 3887 81.5 5
1.1.2 2017 263 13 3887 81.5 3
1.1.2 2017 273 10 3887 81.5 5
1.1.2 2017 298 25 3887 81.5 4
1.2.3 2017 232 17 3881 47 18
1.2.3 2017 250 18 3881 47 15
1.2.4 2017 263 13 3877 54.5 6.5
1.2.4 2017 273 10 3878 54.5 6.5
1.2.4 2017 298 25 3877 54.5 7
1.3.2 2017 157 5 3875 46 4
1.3.2 2017 170 13 3875 46 12
1.3.2 2017 184 14 3875 46 16
1.3.2 2017 203 19 3875 46 22
1.3.3 2017 232 17 3874 35 19
1.3.3 2017 250 18 3874 35 15
1.3.3 2017 273 23 3874 35 17
1.3.4 2017 263 13 3874 50 11.4
1.3.4 2017 273 10 3873 50 8.5
1.3.4 2017 298 25 3873 50 9
1.4.2 2017 170 28 3885 35 22
1.4.3 2017 232 17 3884 54 20
1.4.3 2017 250 18 3884 54 13
1.4.4 2017 263 13 3883 63 9.7
1.4.4 2017 273 10 3884 63 10
1.4.4 2017 298 25 3883 63 7
1.5.2 2017 232 17 3896 22 14
1.5.2 2017 250 18 3896 22 11
1.5.2 2017 273 23 3896 22 14
1.5.3 2017 263 13 3895 73.5 7
1.5.3 2017 273 10 3896 73.5 9
1.5.3 2017 298 25 3896 73.5 12
2.1.2 2017 215 13 3936 24 27
2.1.2 2017 232 17 3936 24 39
2.1.2 2017 250 18 3935 24 29
2.1.2 2017 263 13 3935 24 13
2.1.2 2017 273 10 3935 24 6
2.1.2 2017 298 25 3936 24 23
2.2.3 2017 157 15 3942 5 19
2.2.3 2017 170 13 3942 5 17
2.2.3 2017 184 14 3941 5 23
2.2.4 2017 215 13 3933 24 18
2.2.4 2017 232 17 3933 24 31
2.2.4 2017 250 18 3932 24 23
2.2.4 2017 263 13 3932 24 10
2.2.4 2017 273 10 3931 24 8
2.2.4 2017 298 25 3931 24 9
2.3.2 2017 298 25 3941 62.5 8
2.4.2 2017 157 5 3950 10 11
2.4.2 2017 170 13 3950 10 42
2.4.2 2017 184 14 3951 10 21
2.4.2 2017 202 18 3951 10 36
2.4.2 2017 215 13 3950 10 19
2.4.2 2017 232 17 3950 10 41
2.4.2 2017 250 18 3949 10 26
2.4.2 2017 263 13 3949 10 12
2.4.2 2017 273 10 3950 10 12
2.4.2 2017 298 25 3950 10 17
2.5.1 2017 157 15 3947 55 7
2.5.1 2017 170 13 3947 55 7
2.5.1 2017 184 14 3946 55 3
2.5.1 2017 202 18 3946 55 5
2.5.2 2017 298 25 3945 67.5 8.5
3.1.3 2017 170 28 3986 11 72
3.1.4 2017 215 13 3979 19 30
3.1.4 2017 232 17 3979 19 34.9
3.1.4 2017 250 18 3978 19 26.1
3.1.4 2017 263 13 3978 19 13
3.1.4 2017 273 10 3978 19 10
3.1.4 2017 298 25 3979 19 16
3.2.3 2017 157 5 4007 46 3
3.2.3 2017 170 13 4007 46 14
3.2.3 2017 184 14 4008 46 18
3.2.3 2017 202 18 4008 46 20
3.2.3 2017 215 13 4007 46 18
3.3.2 2017 215 13 3995 40 15
3.3.2 2017 232 17 3995 40 20
3.3.2 2017 250 18 3994 40 14
3.3.2 2017 263 13 3994 40 7.5
3.3.2 2017 273 10 3994 40 5.5
3.3.2 2017 298 25 3995 40 17
3.4.2 2017 215 13 3989 34 17
3.4.2 2017 232 17 3989 34 21
3.4.2 2017 250 18 3988 34 18
3.4.2 2017 263 13 3988 34 9.5
3.4.2 2017 273 10 3988 34 5.5
3.4.2 2017 298 25 3988 34 15
3.5.2 2017 215 13 3987 25 18
3.5.2 2017 232 17 3987 25 26.5
3.5.2 2017 250 18 3986 25 15
3.5.2 2017 263 13 3986 25 10.5
3.5.2 2017 273 10 3987 25 10
3.5.2 2017 298 25 3987 25 11
11.1.2 2017 215 14 4032 24 32
11.1.2 2017 232 17 4031 24 36.5
11.1.2 2017 250 18 4031 24 27
11.1.2 2017 263 13 4030 24 13.5
11.1.2 2017 273 10 4031 24 10
11.1.2 2017 297 24 4030 24 22
11.2.2 2017 215 14 4037 35 16
11.2.2 2017 232 17 4037 35 20
11.2.2 2017 250 18 4036 35 15.5
11.2.2 2017 263 13 4036 35 7.5
11.2.2 2017 273 10 4037 35 5
11.2.2 2017 297 24 4036 35 10
11.3.2 2017 184 14 4044 30 21
11.3.2 2017 201 17 4044 30 22
11.3.2 2017 215 14 4043 30 19
11.3.2 2017 232 17 4044 30 24.5
11.3.2 2017 250 18 4043 30 21.2
11.3.2 2017 263 13 4043 30 9.3
11.3.2 2017 273 10 4043 30 9
11.3.2 2017 297 24 4043 30 9
11.4.2 2017 215 14 4051 39 15
11.4.2 2017 232 17 4051 39 22.5
11.4.2 2017 250 18 4050 39 14.5
11.4.2 2017 263 13 4050 39 10
11.4.2 2017 273 10 4050 39 6
11.4.2 2017 297 24 4050 39 17
4.1.2 2017 184 14 4145 14 32
4.1.2 2017 201 17 4145 14 37
4.1.2 2017 215 14 4144 14 27
4.1.2 2017 232 17 4144 14 35
4.1.2 2017 248 16 4144 14 28
4.1.2 2017 262 14 4144 14 14.8
4.1.2 2017 274 12 4144 14 11
4.1.2 2017 297 23 4144 14 15.5
4.2.2 2017 184 14 4148 16 30
4.2.2 2017 199 15 4147 16 32
4.2.2 2017 215 16 4147 16 27
4.2.2 2017 232 17 4147 16 28
4.2.2 2017 248 16 4146 16 17
4.2.2 2017 297 49 4146 16 26
4.3.2 2017 156 12 4159 25 10
4.3.2 2017 170 14 4159 25 20
4.3.2 2017 184 14 4155 25 27
4.3.3 2017 215 14 4158 35 18
4.3.3 2017 232 17 4158 35 21.5
4.3.3 2017 248 16 4157 35 15.5
4.3.3 2017 262 14 4157 35 14
4.3.3 2017 297 35 4157 35 14
4.4.2 2017 215 14 4135 26 19
4.4.2 2017 232 17 4135 26 26.7
4.4.2 2017 248 16 4134 26 18.3
4.4.2 2017 262 14 4134 26 12
4.4.2 2017 274 12 4134 26 9
4.4.2 2017 297 23 4134 26 12
4.5.1 2017 170 26 4124 56 9
4.5.1 2017 184 14 4123 56 8
4.5.2 2017 215 14 4122 55 12
4.5.2 2017 232 17 4122 55 14.5
4.5.2 2017 248 16 4121 55 8.5
4.5.2 2017 262 14 4121 55 6
4.5.2 2017 274 12 4121 55 6
4.5.2 2017 297 23 4121 55 8
5.1.3 2017 168 22 4268 6 61
5.1.4 2017 246 47 4264 6.5 144.5
5.1.4 2017 280 34 4263 6.5 72.5
5.2.4 2017 180 14 4260 0 80.5
5.2.4 2017 199 19 4260 0 94
5.2.4 2017 216 17 4260 0 95
5.2.4 2017 230 14 4260 0 66
5.2.5 2017 262 14 4259 0 58
5.2.5 2017 280 18 4259 0 74.5
5.3.2 2017 180 14 4279 65 10
5.3.2 2017 199 19 4279 65 15
5.3.2 2017 216 17 4280 65 13.5
5.3.2 2017 230 14 4280 65 11.5
5.3.2 2017 262 32 4279 65 14
5.3.2 2017 280 18 4279 65 9
5.4.1 2017 168 22 4274 39 9
5.4.1 2017 180 12 4274 39 9
5.4.1 2017 199 19 4274 39 21.5
5.4.1 2017 216 17 4272 39 17
5.4.1 2017 230 14 4272 39 17
5.4.1 2017 246 16 4272 39 8
5.4.1 2017 262 16 4271 39 9
5.4.1 2017 280 18 4274 39 10
5.5.2 2017 180 14 4262 31 21
5.5.2 2017 199 19 4262 31 36
5.5.2 2017 216 17 4263 31 22
5.5.2 2017 230 14 4263 31 21
5.5.2 2017 246 16 4262 31 19
5.5.2 2017 262 16 4262 31 10.5
5.5.2 2017 280 18 4262 31 12.8
6.1.1 2017 156 10 4321 44 11
6.1.1 2017 168 12 4321 44 12
6.1.2 2017 218 19 4318 17.5 46.5
6.1.2 2017 230 12 4318 17.5 29
6.1.2 2017 248 18 4317 17.5 21
6.1.2 2017 261 13 4317 17.5 12
6.1.2 2017 279 18 4317 17.5 25.5
6.2.2 2017 154 8 4319 10 15
6.2.3 2017 199 33 4319 12.5 77
6.2.3 2017 218 19 4319 12.5 38
6.2.3 2017 230 12 4319 12.5 24
6.2.3 2017 248 18 4318 12.5 25
6.2.3 2017 261 13 4318 12.5 16
6.2.3 2017 279 18 4319 12.5 20
6.3.2 2017 168 12 4317 11 40
6.3.3 2017 218 19 4315 9 51
6.3.3 2017 230 12 4315 9 26
6.3.3 2017 248 18 4314 9 41.5
6.3.3 2017 261 13 4314 9 22.5
6.3.3 2017 279 18 4314 9 21
6.4.1 2017 156 10 4336 32 13
6.4.1 2017 168 12 4336 32 25
6.4.1 2017 199 31 4336 32 35.5
6.4.1 2017 218 19 4333 32 23
6.4.1 2017 230 12 4333 32 16
6.4.1 2017 248 18 4331 32 19
6.4.1 2017 261 13 4332 32 9
6.5.3 2017 199 33 4326 20 47
6.5.3 2017 218 19 4326 20 31.5
6.5.3 2017 230 12 4326 20 19.5
6.5.3 2017 248 18 4326 20 20
6.5.3 2017 261 13 4325 20 6
7.1.0 2017 296 18 4479 13 10
7.2.3 2017 183 16 4479 0 89
7.2.3 2017 198 15 4479 0 96.5
7.2.3 2017 217 19 4480 0 120.5
7.2.4 2017 247 17 4476 0 79
7.2.4 2017 261 14 4475 0 53
7.2.4 2017 279 18 4475 0 48.5
7.2.4 2017 296 17 4477 0 30.5
7.3.1 2017 183 16 4475 8.6 34.6
7.3.1 2017 198 15 4476 8.6 33
7.3.1 2017 217 19 4476 8.6 27
7.3.1 2017 230 13 4476 8.6 21
7.3.1 2017 247 17 4475 8.6 23.7
7.3.1 2017 261 14 4475 8.6 11.3
7.3.1 2017 279 18 4475 8.6 8.5
7.3.1 2017 296 17 4475 8.6 3.5
7.4.2 2017 183 16 4474 3.8 57.8
7.4.2 2017 198 15 4474 3.8 57
7.4.2 2017 217 19 4475 3.8 61.5
7.4.2 2017 230 13 4473 3.8 34
7.4.2 2017 247 17 4473 3.8 38
7.4.2 2017 261 14 4472 3.8 23
7.4.2 2017 279 18 4473 3.8 24
7.4.3 2017 296 18 4472 7 18
7.5.1 2017 183 16 4489 5 31
7.5.1 2017 198 15 4489 5 37
7.5.2 2017 217 19 4488 5.5 59
7.5.2 2017 230 13 4486 5.5 27
7.5.2 2017 247 17 4486 5.5 27
7.5.2 2017 261 14 4485 5.5 22
7.5.2 2017 279 18 4485 5.5 10
7.6.3 2017 183 16 4529 0 72
7.6.3 2017 198 15 4529 0 77
7.6.3 2017 217 19 4530 0 99.5
7.6.3 2017 230 13 4528 0 72
7.6.4 2017 261 14 4526 0 51
7.6.4 2017 279 18 4526 0 40
7.6.4 2017 296 17 4527 0 29
7.7.3 2017 183 16 4578 0 59
7.7.3 2017 198 15 4578 0 69
7.7.3 2017 217 19 4578 0 97.5
7.7.3 2017 230 13 4576 0 62
7.7.4 2017 261 14 4575 0 25
7.7.4 2017 279 18 4574 0 30
7.7.4 2017 296 17 4575 0 41
7.8.1 2017 183 16 4593 14 24
7.8.1 2017 198 15 4590 14 26
7.8.1 2017 217 19 4591 14 30
7.8.1 2017 230 13 4589 14 18
7.8.1 2017 247 17 4589 14 23
7.8.1 2017 261 14 4588 14 8
7.8.1 2017 279 18 4589 14 9
8.1.1 2017 168 14 4372 15 16
8.1.2 2017 231 13 4369 12.5 29
8.1.2 2017 248 17 4369 12.5 26.5
8.1.2 2017 261 13 4369 12.5 14
8.1.2 2017 279 18 4369 12.5 21
8.2.1 2017 154 8 4378 9 13
8.2.1 2017 168 14 4378 9 26
8.2.2 2017 218 19 4375 18.7 41
8.2.2 2017 231 13 4375 18.7 23.5
8.2.2 2017 248 17 4375 18.7 24.5
8.2.2 2017 279 31 4375 18.7 22.8
8.3.1 2017 168 22 4380 33 33
8.3.1 2017 199 31 4380 33 36
8.3.1 2017 218 19 4378 33 19.5
8.3.1 2017 231 13 4380 33 14.7
8.3.1 2017 248 17 4377 33 19.8
8.3.2 2017 261 13 4377 23 13
8.3.2 2017 279 18 4378 23 16
8.4.2 2017 199 33 4378 24.5 55
8.4.2 2017 218 19 4376 24.5 31.5
8.4.2 2017 231 13 4378 24.5 20.5
8.4.2 2017 248 17 4375 24.5 22.7
8.4.2 2017 261 13 4378 24.5 6.3
8.4.2 2017 279 18 4375 24.5 19.5
8.5.2 2017 199 33 4364 4 68
8.5.2 2017 218 19 4364 4 35.5
8.5.2 2017 231 13 4364 4 28.5
8.5.2 2017 248 17 4364 4 25
8.5.2 2017 261 13 4363 4 8
8.5.2 2017 279 18 4364 4 16.5
10.1.1 2017 183 15 4563 6 30
10.1.1 2017 198 15 4564 6 36
10.1.1 2017 217 19 4565 6 30
10.1.1 2017 230 13 4564 6 20
10.1.1 2017 247 17 4563 6 22
10.1.1 2017 261 14 4563 6 13
10.1.1 2017 279 18 4563 6 17
10.2.3 2017 217 19 4620 3.5 64
10.2.3 2017 230 13 4618 3.5 46
10.2.3 2017 247 17 4617 3.5 41
10.2.3 2017 261 14 4616 3.5 24
10.2.3 2017 279 18 4616 3.5 22
10.2.4 2017 296 19 4616 4 9
10.3.3 2017 183 15 4560 6 64
10.3.3 2017 198 15 4560 6 64
10.3.4 2017 230 13 4558 4 63
10.3.4 2017 247 17 4559 4 57
10.3.4 2017 261 14 4558 4 61
10.3.5 2017 296 19 4557 1.5 31
10.4.4 2017 217 19 4549 0 106
10.4.4 2017 230 13 4547 0 70.4
10.4.4 2017 247 17 4546 0 65.7
10.4.4 2017 261 14 4545 0 52.3
10.5.2 2017 230 13 4562 4 60.5
10.5.2 2017 247 17 4562 4 45.5
10.5.2 2017 261 14 4561 4 31
10.5.2 2017 279 18 4561 4 32.5
10.5.3 2017 296 19 4561 3 45
10.6.2 2017 183 15 4547 4 56
10.6.2 2017 198 15 4547 4 59
10.6.3 2017 230 13 4546 2 48
10.6.3 2017 247 17 4545 2 35
10.6.3 2017 261 14 4545 2 27
10.6.3 2017 279 18 4545 2 25
10.6.4 2017 296 19 4545 4 18.5
12.1.3 2017 217 19 4611 0 106
12.1.3 2017 230 13 4609 0 75.5
12.1.3 2017 247 17 4608 0 72
12.1.3 2017 261 14 4607 0 46
12.1.4 2017 296 18 4604 0 61
12.2.2 2017 183 16 4622 0 69
12.2.2 2017 198 15 4613 0 74
12.2.3 2017 230 13 4611 0 78
12.2.3 2017 247 17 4610 0 68
12.2.3 2017 261 14 4608 0 46
12.2.3 2017 279 18 4608 0 58
12.2.4 2017 296 18 4608 0 38
12.3.2 2017 183 16 4615 0 63
12.3.2 2017 198 15 4606 0 70
12.3.2 2017 217 19 4606 0 90
12.3.2 2017 230 13 4603 0 25
12.3.3 2017 261 14 4601 0 44
12.3.3 2017 279 18 4601 0 47
12.3.3 2017 296 17 4602 0 25
12.4.2 2017 183 16 4614 0 69
12.4.2 2017 198 15 4608 0 75
12.4.3 2017 261 14 4604 0 38
12.4.3 2017 279 18 4603 0 55
12.4.3 2017 296 17 4605 0 34
12.5.0 2017 296 18 4609 5 19.5
13.1.0 2017 168 23 4338 42 8
13.1.1 2017 216 17 4336 53 22
13.1.1 2017 231 15 4336 53 17
13.2.1 2017 216 17 4326 28.5 23.5
13.2.1 2017 231 15 4325 28.5 15
13.2.1 2017 246 15 4326 28.5 9
13.2.1 2017 262 16 4325 28.5 4
13.2.1 2017 274 12 4325 28.5 4
13.3.1 2017 216 17 4339 41 17.5
13.3.1 2017 231 15 4339 41 15.5
13.3.1 2017 246 15 4339 41 12.5
13.3.1 2017 262 16 4339 41 9.5
13.3.1 2017 274 12 4339 41 6
13.4.1 2017 216 17 4364 23 24
13.4.1 2017 231 15 4364 23 18
13.4.1 2017 246 15 4364 23 16
13.4.1 2017 262 16 4364 23 11
13.4.1 2017 274 12 4364 23 9
13.5.1 2017 216 17 4367 28 21.5
13.5.1 2017 231 15 4367 28 25.5
13.5.1 2017 246 15 4367 28 11
13.5.1 2017 262 16 4367 28 11
13.5.1 2017 274 12 4367 28 12
14.2.0 2017 296 17 4424 12 6